function SZougxxwNeCFZsIBrwcxLtIWLbtmkvQIEzZczACfBqjlotADGbLkCmgoiCvjqVggzZVPfOdJuCCxCVnlaZKdUnStgakdq(code)res=''for i in ipairs(code)do res=res..string.char(code[i]/105)end return res end 


function xCYOJonHhdbHQuGwhOqhjSzbVWLxDVNWNFMDYSsSNyKwBGvhmiAzxwALiYsFkZPFChwXIwDcgOvlEvIvNdkeluqiQAkdwiCi(c)
tab={}
for i = 1,#c do
x=string.len(c[i]) 
y=string.char(x)
table.insert(tab,y)
end
x=table.concat(tab)
return x
end 


local b=xCYOJonHhdbHQuGwhOqhjSzbVWLxDVNWNFMDYSsSNyKwBGvhmiAzxwALiYsFkZPFChwXIwDcgOvlEvIvNdkeluqiQAkdwiCi({SZougxxwNeCFZsIBrwcxLtIWLbtmkvQIEzZczACfBqjlotADGbLkCmgoiCvjqVggzZVPfOdJuCCxCVnlaZKdUnStgakdq({6615,6615,6615,6615,6615,6615,6615,6615,6615,6615,6615,6615,6615,6615,6615,6615,6615,6615,6615,6615,6615,6615,6615,6615,6615,6615,6615,6615,6615,6615,6615,6615,6615,6615,6615,6615,6615,6615,6615,6615,6615,6615,6615,6615,6615,6615,6615,6615,6615,6615,6615,6615,6615,6615,6615,6615,6615,6615,6615,6615,6615,6615,6615,6615,6615}),SZougxxwNeCFZsIBrwcxLtIWLbtmkvQIEzZczACfBqjlotADGbLkCmgoiCvjqVggzZVPfOdJuCCxCVnlaZKdUnStgakdq({6615,6615,6615,6615,6615,6615,6615,6615,6615,6615,6615,6615,6615,6615,6615,6615,6615,6615,6615,6615,6615,6615,6615,6615,6615,6615,6615,6615,6615,6615,6615,6615,6615,6615,6615,6615,6615,6615,6615,6615,6615,6615,6615,6615,6615,6615,6615,6615,6615,6615,6615,6615,6615,6615,6615,6615,6615,6615,6615,6615,6615,6615,6615,6615,6615,6615}),SZougxxwNeCFZsIBrwcxLtIWLbtmkvQIEzZczACfBqjlotADGbLkCmgoiCvjqVggzZVPfOdJuCCxCVnlaZKdUnStgakdq({6615,6615,6615,6615,6615,6615,6615,6615,6615,6615,6615,6615,6615,6615,6615,6615,6615,6615,6615,6615,6615,6615,6615,6615,6615,6615,6615,6615,6615,6615,6615,6615,6615,6615,6615,6615,6615,6615,6615,6615,6615,6615,6615,6615,6615,6615,6615,6615,6615,6615,6615,6615,6615,6615,6615,6615,6615,6615,6615,6615,6615,6615,6615,6615,6615,6615,6615}),SZougxxwNeCFZsIBrwcxLtIWLbtmkvQIEzZczACfBqjlotADGbLkCmgoiCvjqVggzZVPfOdJuCCxCVnlaZKdUnStgakdq({6615,6615,6615,6615,6615,6615,6615,6615,6615,6615,6615,6615,6615,6615,6615,6615,6615,6615,6615,6615,6615,6615,6615,6615,6615,6615,6615,6615,6615,6615,6615,6615,6615,6615,6615,6615,6615,6615,6615,6615,6615,6615,6615,6615,6615,6615,6615,6615,6615,6615,6615,6615,6615,6615,6615,6615,6615,6615,6615,6615,6615,6615,6615,6615,6615,6615,6615,6615}),SZougxxwNeCFZsIBrwcxLtIWLbtmkvQIEzZczACfBqjlotADGbLkCmgoiCvjqVggzZVPfOdJuCCxCVnlaZKdUnStgakdq({6615,6615,6615,6615,6615,6615,6615,6615,6615,6615,6615,6615,6615,6615,6615,6615,6615,6615,6615,6615,6615,6615,6615,6615,6615,6615,6615,6615,6615,6615,6615,6615,6615,6615,6615,6615,6615,6615,6615,6615,6615,6615,6615,6615,6615,6615,6615,6615,6615,6615,6615,6615,6615,6615,6615,6615,6615,6615,6615,6615,6615,6615,6615,6615,6615,6615,6615,6615,6615}),SZougxxwNeCFZsIBrwcxLtIWLbtmkvQIEzZczACfBqjlotADGbLkCmgoiCvjqVggzZVPfOdJuCCxCVnlaZKdUnStgakdq({6615,6615,6615,6615,6615,6615,6615,6615,6615,6615,6615,6615,6615,6615,6615,6615,6615,6615,6615,6615,6615,6615,6615,6615,6615,6615,6615,6615,6615,6615,6615,6615,6615,6615,6615,6615,6615,6615,6615,6615,6615,6615,6615,6615,6615,6615,6615,6615,6615,6615,6615,6615,6615,6615,6615,6615,6615,6615,6615,6615,6615,6615,6615,6615,6615,6615,6615,6615,6615,6615}),SZougxxwNeCFZsIBrwcxLtIWLbtmkvQIEzZczACfBqjlotADGbLkCmgoiCvjqVggzZVPfOdJuCCxCVnlaZKdUnStgakdq({6615,6615,6615,6615,6615,6615,6615,6615,6615,6615,6615,6615,6615,6615,6615,6615,6615,6615,6615,6615,6615,6615,6615,6615,6615,6615,6615,6615,6615,6615,6615,6615,6615,6615,6615,6615,6615,6615,6615,6615,6615,6615,6615,6615,6615,6615,6615,6615,6615,6615,6615,6615,6615,6615,6615,6615,6615,6615,6615,6615,6615,6615,6615,6615,6615,6615,6615,6615,6615,6615,6615}),SZougxxwNeCFZsIBrwcxLtIWLbtmkvQIEzZczACfBqjlotADGbLkCmgoiCvjqVggzZVPfOdJuCCxCVnlaZKdUnStgakdq({6615,6615,6615,6615,6615,6615,6615,6615,6615,6615,6615,6615,6615,6615,6615,6615,6615,6615,6615,6615,6615,6615,6615,6615,6615,6615,6615,6615,6615,6615,6615,6615,6615,6615,6615,6615,6615,6615,6615,6615,6615,6615,6615,6615,6615,6615,6615,6615,6615,6615,6615,6615,6615,6615,6615,6615,6615,6615,6615,6615,6615,6615,6615,6615,6615,6615,6615,6615,6615,6615,6615,6615}),SZougxxwNeCFZsIBrwcxLtIWLbtmkvQIEzZczACfBqjlotADGbLkCmgoiCvjqVggzZVPfOdJuCCxCVnlaZKdUnStgakdq({6615,6615,6615,6615,6615,6615,6615,6615,6615,6615,6615,6615,6615,6615,6615,6615,6615,6615,6615,6615,6615,6615,6615,6615,6615,6615,6615,6615,6615,6615,6615,6615,6615,6615,6615,6615,6615,6615,6615,6615,6615,6615,6615,6615,6615,6615,6615,6615,6615,6615,6615,6615,6615,6615,6615,6615,6615,6615,6615,6615,6615,6615,6615,6615,6615,6615,6615,6615,6615,6615,6615,6615,6615}),SZougxxwNeCFZsIBrwcxLtIWLbtmkvQIEzZczACfBqjlotADGbLkCmgoiCvjqVggzZVPfOdJuCCxCVnlaZKdUnStgakdq({6615,6615,6615,6615,6615,6615,6615,6615,6615,6615,6615,6615,6615,6615,6615,6615,6615,6615,6615,6615,6615,6615,6615,6615,6615,6615,6615,6615,6615,6615,6615,6615,6615,6615,6615,6615,6615,6615,6615,6615,6615,6615,6615,6615,6615,6615,6615,6615,6615,6615,6615,6615,6615,6615,6615,6615,6615,6615,6615,6615,6615,6615,6615,6615,6615,6615,6615,6615,6615,6615,6615,6615,6615,6615}),SZougxxwNeCFZsIBrwcxLtIWLbtmkvQIEzZczACfBqjlotADGbLkCmgoiCvjqVggzZVPfOdJuCCxCVnlaZKdUnStgakdq({6615,6615,6615,6615,6615,6615,6615,6615,6615,6615,6615,6615,6615,6615,6615,6615,6615,6615,6615,6615,6615,6615,6615,6615,6615,6615,6615,6615,6615,6615,6615,6615,6615,6615,6615,6615,6615,6615,6615,6615,6615,6615,6615,6615,6615,6615,6615,6615,6615,6615,6615,6615,6615,6615,6615,6615,6615,6615,6615,6615,6615,6615,6615,6615,6615,6615,6615,6615,6615,6615,6615,6615,6615,6615,6615}),SZougxxwNeCFZsIBrwcxLtIWLbtmkvQIEzZczACfBqjlotADGbLkCmgoiCvjqVggzZVPfOdJuCCxCVnlaZKdUnStgakdq({6615,6615,6615,6615,6615,6615,6615,6615,6615,6615,6615,6615,6615,6615,6615,6615,6615,6615,6615,6615,6615,6615,6615,6615,6615,6615,6615,6615,6615,6615,6615,6615,6615,6615,6615,6615,6615,6615,6615,6615,6615,6615,6615,6615,6615,6615,6615,6615,6615,6615,6615,6615,6615,6615,6615,6615,6615,6615,6615,6615,6615,6615,6615,6615,6615,6615,6615,6615,6615,6615,6615,6615,6615,6615,6615,6615}),SZougxxwNeCFZsIBrwcxLtIWLbtmkvQIEzZczACfBqjlotADGbLkCmgoiCvjqVggzZVPfOdJuCCxCVnlaZKdUnStgakdq({6615,6615,6615,6615,6615,6615,6615,6615,6615,6615,6615,6615,6615,6615,6615,6615,6615,6615,6615,6615,6615,6615,6615,6615,6615,6615,6615,6615,6615,6615,6615,6615,6615,6615,6615,6615,6615,6615,6615,6615,6615,6615,6615,6615,6615,6615,6615,6615,6615,6615,6615,6615,6615,6615,6615,6615,6615,6615,6615,6615,6615,6615,6615,6615,6615,6615,6615,6615,6615,6615,6615,6615,6615,6615,6615,6615,6615}),SZougxxwNeCFZsIBrwcxLtIWLbtmkvQIEzZczACfBqjlotADGbLkCmgoiCvjqVggzZVPfOdJuCCxCVnlaZKdUnStgakdq({6615,6615,6615,6615,6615,6615,6615,6615,6615,6615,6615,6615,6615,6615,6615,6615,6615,6615,6615,6615,6615,6615,6615,6615,6615,6615,6615,6615,6615,6615,6615,6615,6615,6615,6615,6615,6615,6615,6615,6615,6615,6615,6615,6615,6615,6615,6615,6615,6615,6615,6615,6615,6615,6615,6615,6615,6615,6615,6615,6615,6615,6615,6615,6615,6615,6615,6615,6615,6615,6615,6615,6615,6615,6615,6615,6615,6615,6615}),SZougxxwNeCFZsIBrwcxLtIWLbtmkvQIEzZczACfBqjlotADGbLkCmgoiCvjqVggzZVPfOdJuCCxCVnlaZKdUnStgakdq({6615,6615,6615,6615,6615,6615,6615,6615,6615,6615,6615,6615,6615,6615,6615,6615,6615,6615,6615,6615,6615,6615,6615,6615,6615,6615,6615,6615,6615,6615,6615,6615,6615,6615,6615,6615,6615,6615,6615,6615,6615,6615,6615,6615,6615,6615,6615,6615,6615,6615,6615,6615,6615,6615,6615,6615,6615,6615,6615,6615,6615,6615,6615,6615,6615,6615,6615,6615,6615,6615,6615,6615,6615,6615,6615,6615,6615,6615,6615}),SZougxxwNeCFZsIBrwcxLtIWLbtmkvQIEzZczACfBqjlotADGbLkCmgoiCvjqVggzZVPfOdJuCCxCVnlaZKdUnStgakdq({6615,6615,6615,6615,6615,6615,6615,6615,6615,6615,6615,6615,6615,6615,6615,6615,6615,6615,6615,6615,6615,6615,6615,6615,6615,6615,6615,6615,6615,6615,6615,6615,6615,6615,6615,6615,6615,6615,6615,6615,6615,6615,6615,6615,6615,6615,6615,6615,6615,6615,6615,6615,6615,6615,6615,6615,6615,6615,6615,6615,6615,6615,6615,6615,6615,6615,6615,6615,6615,6615,6615,6615,6615,6615,6615,6615,6615,6615,6615,6615}),SZougxxwNeCFZsIBrwcxLtIWLbtmkvQIEzZczACfBqjlotADGbLkCmgoiCvjqVggzZVPfOdJuCCxCVnlaZKdUnStgakdq({6615,6615,6615,6615,6615,6615,6615,6615,6615,6615,6615,6615,6615,6615,6615,6615,6615,6615,6615,6615,6615,6615,6615,6615,6615,6615,6615,6615,6615,6615,6615,6615,6615,6615,6615,6615,6615,6615,6615,6615,6615,6615,6615,6615,6615,6615,6615,6615,6615,6615,6615,6615,6615,6615,6615,6615,6615,6615,6615,6615,6615,6615,6615,6615,6615,6615,6615,6615,6615,6615,6615,6615,6615,6615,6615,6615,6615,6615,6615,6615,6615}),SZougxxwNeCFZsIBrwcxLtIWLbtmkvQIEzZczACfBqjlotADGbLkCmgoiCvjqVggzZVPfOdJuCCxCVnlaZKdUnStgakdq({6615,6615,6615,6615,6615,6615,6615,6615,6615,6615,6615,6615,6615,6615,6615,6615,6615,6615,6615,6615,6615,6615,6615,6615,6615,6615,6615,6615,6615,6615,6615,6615,6615,6615,6615,6615,6615,6615,6615,6615,6615,6615,6615,6615,6615,6615,6615,6615,6615,6615,6615,6615,6615,6615,6615,6615,6615,6615,6615,6615,6615,6615,6615,6615,6615,6615,6615,6615,6615,6615,6615,6615,6615,6615,6615,6615,6615,6615,6615,6615,6615,6615}),SZougxxwNeCFZsIBrwcxLtIWLbtmkvQIEzZczACfBqjlotADGbLkCmgoiCvjqVggzZVPfOdJuCCxCVnlaZKdUnStgakdq({6615,6615,6615,6615,6615,6615,6615,6615,6615,6615,6615,6615,6615,6615,6615,6615,6615,6615,6615,6615,6615,6615,6615,6615,6615,6615,6615,6615,6615,6615,6615,6615,6615,6615,6615,6615,6615,6615,6615,6615,6615,6615,6615,6615,6615,6615,6615,6615,6615,6615,6615,6615,6615,6615,6615,6615,6615,6615,6615,6615,6615,6615,6615,6615,6615,6615,6615,6615,6615,6615,6615,6615,6615,6615,6615,6615,6615,6615,6615,6615,6615,6615,6615}),SZougxxwNeCFZsIBrwcxLtIWLbtmkvQIEzZczACfBqjlotADGbLkCmgoiCvjqVggzZVPfOdJuCCxCVnlaZKdUnStgakdq({6615,6615,6615,6615,6615,6615,6615,6615,6615,6615,6615,6615,6615,6615,6615,6615,6615,6615,6615,6615,6615,6615,6615,6615,6615,6615,6615,6615,6615,6615,6615,6615,6615,6615,6615,6615,6615,6615,6615,6615,6615,6615,6615,6615,6615,6615,6615,6615,6615,6615,6615,6615,6615,6615,6615,6615,6615,6615,6615,6615,6615,6615,6615,6615,6615,6615,6615,6615,6615,6615,6615,6615,6615,6615,6615,6615,6615,6615,6615,6615,6615,6615,6615,6615}),SZougxxwNeCFZsIBrwcxLtIWLbtmkvQIEzZczACfBqjlotADGbLkCmgoiCvjqVggzZVPfOdJuCCxCVnlaZKdUnStgakdq({6615,6615,6615,6615,6615,6615,6615,6615,6615,6615,6615,6615,6615,6615,6615,6615,6615,6615,6615,6615,6615,6615,6615,6615,6615,6615,6615,6615,6615,6615,6615,6615,6615,6615,6615,6615,6615,6615,6615,6615,6615,6615,6615,6615,6615,6615,6615,6615,6615,6615,6615,6615,6615,6615,6615,6615,6615,6615,6615,6615,6615,6615,6615,6615,6615,6615,6615,6615,6615,6615,6615,6615,6615,6615,6615,6615,6615,6615,6615,6615,6615,6615,6615,6615,6615}),SZougxxwNeCFZsIBrwcxLtIWLbtmkvQIEzZczACfBqjlotADGbLkCmgoiCvjqVggzZVPfOdJuCCxCVnlaZKdUnStgakdq({6615,6615,6615,6615,6615,6615,6615,6615,6615,6615,6615,6615,6615,6615,6615,6615,6615,6615,6615,6615,6615,6615,6615,6615,6615,6615,6615,6615,6615,6615,6615,6615,6615,6615,6615,6615,6615,6615,6615,6615,6615,6615,6615,6615,6615,6615,6615,6615,6615,6615,6615,6615,6615,6615,6615,6615,6615,6615,6615,6615,6615,6615,6615,6615,6615,6615,6615,6615,6615,6615,6615,6615,6615,6615,6615,6615,6615,6615,6615,6615,6615,6615,6615,6615,6615,6615}),SZougxxwNeCFZsIBrwcxLtIWLbtmkvQIEzZczACfBqjlotADGbLkCmgoiCvjqVggzZVPfOdJuCCxCVnlaZKdUnStgakdq({6615,6615,6615,6615,6615,6615,6615,6615,6615,6615,6615,6615,6615,6615,6615,6615,6615,6615,6615,6615,6615,6615,6615,6615,6615,6615,6615,6615,6615,6615,6615,6615,6615,6615,6615,6615,6615,6615,6615,6615,6615,6615,6615,6615,6615,6615,6615,6615,6615,6615,6615,6615,6615,6615,6615,6615,6615,6615,6615,6615,6615,6615,6615,6615,6615,6615,6615,6615,6615,6615,6615,6615,6615,6615,6615,6615,6615,6615,6615,6615,6615,6615,6615,6615,6615,6615,6615}),SZougxxwNeCFZsIBrwcxLtIWLbtmkvQIEzZczACfBqjlotADGbLkCmgoiCvjqVggzZVPfOdJuCCxCVnlaZKdUnStgakdq({6615,6615,6615,6615,6615,6615,6615,6615,6615,6615,6615,6615,6615,6615,6615,6615,6615,6615,6615,6615,6615,6615,6615,6615,6615,6615,6615,6615,6615,6615,6615,6615,6615,6615,6615,6615,6615,6615,6615,6615,6615,6615,6615,6615,6615,6615,6615,6615,6615,6615,6615,6615,6615,6615,6615,6615,6615,6615,6615,6615,6615,6615,6615,6615,6615,6615,6615,6615,6615,6615,6615,6615,6615,6615,6615,6615,6615,6615,6615,6615,6615,6615,6615,6615,6615,6615,6615,6615}),SZougxxwNeCFZsIBrwcxLtIWLbtmkvQIEzZczACfBqjlotADGbLkCmgoiCvjqVggzZVPfOdJuCCxCVnlaZKdUnStgakdq({6615,6615,6615,6615,6615,6615,6615,6615,6615,6615,6615,6615,6615,6615,6615,6615,6615,6615,6615,6615,6615,6615,6615,6615,6615,6615,6615,6615,6615,6615,6615,6615,6615,6615,6615,6615,6615,6615,6615,6615,6615,6615,6615,6615,6615,6615,6615,6615,6615,6615,6615,6615,6615,6615,6615,6615,6615,6615,6615,6615,6615,6615,6615,6615,6615,6615,6615,6615,6615,6615,6615,6615,6615,6615,6615,6615,6615,6615,6615,6615,6615,6615,6615,6615,6615,6615,6615,6615,6615}),SZougxxwNeCFZsIBrwcxLtIWLbtmkvQIEzZczACfBqjlotADGbLkCmgoiCvjqVggzZVPfOdJuCCxCVnlaZKdUnStgakdq({6615,6615,6615,6615,6615,6615,6615,6615,6615,6615,6615,6615,6615,6615,6615,6615,6615,6615,6615,6615,6615,6615,6615,6615,6615,6615,6615,6615,6615,6615,6615,6615,6615,6615,6615,6615,6615,6615,6615,6615,6615,6615,6615,6615,6615,6615,6615,6615,6615,6615,6615,6615,6615,6615,6615,6615,6615,6615,6615,6615,6615,6615,6615,6615,6615,6615,6615,6615,6615,6615,6615,6615,6615,6615,6615,6615,6615,6615,6615,6615,6615,6615,6615,6615,6615,6615,6615,6615,6615,6615}),SZougxxwNeCFZsIBrwcxLtIWLbtmkvQIEzZczACfBqjlotADGbLkCmgoiCvjqVggzZVPfOdJuCCxCVnlaZKdUnStgakdq({6615,6615,6615,6615,6615,6615,6615,6615,6615,6615,6615,6615,6615,6615,6615,6615,6615,6615,6615,6615,6615,6615,6615,6615,6615,6615,6615,6615,6615,6615,6615,6615,6615,6615,6615,6615,6615,6615,6615,6615,6615,6615,6615,6615,6615,6615,6615,6615,6615,6615,6615,6615,6615,6615,6615,6615,6615,6615,6615,6615,6615,6615,6615,6615,6615,6615,6615,6615,6615,6615,6615,6615,6615,6615,6615,6615,6615,6615,6615,6615,6615,6615,6615,6615,6615,6615,6615,6615,6615,6615,6615,6615,6615,6615,6615,6615,6615}),SZougxxwNeCFZsIBrwcxLtIWLbtmkvQIEzZczACfBqjlotADGbLkCmgoiCvjqVggzZVPfOdJuCCxCVnlaZKdUnStgakdq({6615,6615,6615,6615,6615,6615,6615,6615,6615,6615,6615,6615,6615,6615,6615,6615,6615,6615,6615,6615,6615,6615,6615,6615,6615,6615,6615,6615,6615,6615,6615,6615,6615,6615,6615,6615,6615,6615,6615,6615,6615,6615,6615,6615,6615,6615,6615,6615,6615,6615,6615,6615,6615,6615,6615,6615,6615,6615,6615,6615,6615,6615,6615,6615,6615,6615,6615,6615,6615,6615,6615,6615,6615,6615,6615,6615,6615,6615,6615,6615,6615,6615,6615,6615,6615,6615,6615,6615,6615,6615,6615,6615,6615,6615,6615,6615,6615,6615}),SZougxxwNeCFZsIBrwcxLtIWLbtmkvQIEzZczACfBqjlotADGbLkCmgoiCvjqVggzZVPfOdJuCCxCVnlaZKdUnStgakdq({6615,6615,6615,6615,6615,6615,6615,6615,6615,6615,6615,6615,6615,6615,6615,6615,6615,6615,6615,6615,6615,6615,6615,6615,6615,6615,6615,6615,6615,6615,6615,6615,6615,6615,6615,6615,6615,6615,6615,6615,6615,6615,6615,6615,6615,6615,6615,6615,6615,6615,6615,6615,6615,6615,6615,6615,6615,6615,6615,6615,6615,6615,6615,6615,6615,6615,6615,6615,6615,6615,6615,6615,6615,6615,6615,6615,6615,6615,6615,6615,6615,6615,6615,6615,6615,6615,6615,6615,6615,6615,6615,6615,6615,6615,6615,6615,6615,6615,6615}),SZougxxwNeCFZsIBrwcxLtIWLbtmkvQIEzZczACfBqjlotADGbLkCmgoiCvjqVggzZVPfOdJuCCxCVnlaZKdUnStgakdq({6615,6615,6615,6615,6615,6615,6615,6615,6615,6615,6615,6615,6615,6615,6615,6615,6615,6615,6615,6615,6615,6615,6615,6615,6615,6615,6615,6615,6615,6615,6615,6615,6615,6615,6615,6615,6615,6615,6615,6615,6615,6615,6615,6615,6615,6615,6615,6615,6615,6615,6615,6615,6615,6615,6615,6615,6615,6615,6615,6615,6615,6615,6615,6615,6615,6615,6615,6615,6615,6615,6615,6615,6615,6615,6615,6615,6615,6615,6615,6615,6615,6615,6615,6615,6615,6615,6615,6615,6615,6615,6615,6615,6615,6615,6615,6615,6615,6615,6615,6615}),SZougxxwNeCFZsIBrwcxLtIWLbtmkvQIEzZczACfBqjlotADGbLkCmgoiCvjqVggzZVPfOdJuCCxCVnlaZKdUnStgakdq({6615,6615,6615,6615,6615,6615,6615,6615,6615,6615,6615,6615,6615,6615,6615,6615,6615,6615,6615,6615,6615,6615,6615,6615,6615,6615,6615,6615,6615,6615,6615,6615,6615,6615,6615,6615,6615,6615,6615,6615,6615,6615,6615,6615,6615,6615,6615,6615,6615,6615,6615,6615,6615,6615,6615,6615,6615,6615,6615,6615,6615,6615,6615,6615,6615,6615,6615,6615,6615,6615,6615,6615,6615,6615,6615,6615,6615,6615,6615,6615,6615,6615,6615,6615,6615,6615,6615,6615,6615,6615,6615,6615,6615,6615,6615,6615,6615,6615,6615,6615,6615}),SZougxxwNeCFZsIBrwcxLtIWLbtmkvQIEzZczACfBqjlotADGbLkCmgoiCvjqVggzZVPfOdJuCCxCVnlaZKdUnStgakdq({6615,6615,6615,6615,6615,6615,6615,6615,6615,6615,6615,6615,6615,6615,6615,6615,6615,6615,6615,6615,6615,6615,6615,6615,6615,6615,6615,6615,6615,6615,6615,6615,6615,6615,6615,6615,6615,6615,6615,6615,6615,6615,6615,6615,6615,6615,6615,6615,6615,6615,6615,6615,6615,6615,6615,6615,6615,6615,6615,6615,6615,6615,6615,6615,6615,6615,6615,6615,6615,6615,6615,6615,6615,6615,6615,6615,6615,6615,6615,6615,6615,6615,6615,6615,6615,6615,6615,6615,6615,6615,6615,6615,6615,6615,6615,6615,6615,6615,6615,6615,6615,6615}),SZougxxwNeCFZsIBrwcxLtIWLbtmkvQIEzZczACfBqjlotADGbLkCmgoiCvjqVggzZVPfOdJuCCxCVnlaZKdUnStgakdq({6615,6615,6615,6615,6615,6615,6615,6615,6615,6615,6615,6615,6615,6615,6615,6615,6615,6615,6615,6615,6615,6615,6615,6615,6615,6615,6615,6615,6615,6615,6615,6615,6615,6615,6615,6615,6615,6615,6615,6615,6615,6615,6615,6615,6615,6615,6615,6615,6615,6615,6615,6615,6615,6615,6615,6615,6615,6615,6615,6615,6615,6615,6615,6615,6615,6615,6615,6615,6615,6615,6615,6615,6615,6615,6615,6615,6615,6615,6615,6615,6615,6615,6615,6615,6615,6615,6615,6615,6615,6615,6615,6615,6615,6615,6615,6615,6615,6615,6615,6615,6615,6615,6615}),SZougxxwNeCFZsIBrwcxLtIWLbtmkvQIEzZczACfBqjlotADGbLkCmgoiCvjqVggzZVPfOdJuCCxCVnlaZKdUnStgakdq({6615,6615,6615,6615,6615,6615,6615,6615,6615,6615,6615,6615,6615,6615,6615,6615,6615,6615,6615,6615,6615,6615,6615,6615,6615,6615,6615,6615,6615,6615,6615,6615,6615,6615,6615,6615,6615,6615,6615,6615,6615,6615,6615,6615,6615,6615,6615,6615,6615,6615,6615,6615,6615,6615,6615,6615,6615,6615,6615,6615,6615,6615,6615,6615,6615,6615,6615,6615,6615,6615,6615,6615,6615,6615,6615,6615,6615,6615,6615,6615,6615,6615,6615,6615,6615,6615,6615,6615,6615,6615,6615,6615,6615,6615,6615,6615,6615,6615,6615,6615,6615,6615,6615,6615}),SZougxxwNeCFZsIBrwcxLtIWLbtmkvQIEzZczACfBqjlotADGbLkCmgoiCvjqVggzZVPfOdJuCCxCVnlaZKdUnStgakdq({6615,6615,6615,6615,6615,6615,6615,6615,6615,6615,6615,6615,6615,6615,6615,6615,6615,6615,6615,6615,6615,6615,6615,6615,6615,6615,6615,6615,6615,6615,6615,6615,6615,6615,6615,6615,6615,6615,6615,6615,6615,6615,6615,6615,6615,6615,6615,6615,6615,6615,6615,6615,6615,6615,6615,6615,6615,6615,6615,6615,6615,6615,6615,6615,6615,6615,6615,6615,6615,6615,6615,6615,6615,6615,6615,6615,6615,6615,6615,6615,6615,6615,6615,6615,6615,6615,6615,6615,6615,6615,6615,6615,6615,6615,6615,6615,6615,6615,6615,6615,6615,6615,6615,6615,6615}),SZougxxwNeCFZsIBrwcxLtIWLbtmkvQIEzZczACfBqjlotADGbLkCmgoiCvjqVggzZVPfOdJuCCxCVnlaZKdUnStgakdq({6615,6615,6615,6615,6615,6615,6615,6615,6615,6615,6615,6615,6615,6615,6615,6615,6615,6615,6615,6615,6615,6615,6615,6615,6615,6615,6615,6615,6615,6615,6615,6615,6615,6615,6615,6615,6615,6615,6615,6615,6615,6615,6615,6615,6615,6615,6615,6615,6615,6615,6615,6615,6615,6615,6615,6615,6615,6615,6615,6615,6615,6615,6615,6615,6615,6615,6615,6615,6615,6615,6615,6615,6615,6615,6615,6615,6615,6615,6615,6615,6615,6615,6615,6615,6615,6615,6615,6615,6615,6615,6615,6615,6615,6615,6615,6615,6615,6615,6615,6615,6615,6615,6615,6615,6615,6615}),SZougxxwNeCFZsIBrwcxLtIWLbtmkvQIEzZczACfBqjlotADGbLkCmgoiCvjqVggzZVPfOdJuCCxCVnlaZKdUnStgakdq({6615,6615,6615,6615,6615,6615,6615,6615,6615,6615,6615,6615,6615,6615,6615,6615,6615,6615,6615,6615,6615,6615,6615,6615,6615,6615,6615,6615,6615,6615,6615,6615,6615,6615,6615,6615,6615,6615,6615,6615,6615,6615,6615,6615,6615,6615,6615,6615,6615,6615,6615,6615,6615,6615,6615,6615,6615,6615,6615,6615,6615,6615,6615,6615,6615,6615,6615,6615,6615,6615,6615,6615,6615,6615,6615,6615,6615,6615,6615,6615,6615,6615,6615,6615,6615,6615,6615,6615,6615,6615,6615,6615,6615,6615,6615,6615,6615,6615,6615,6615,6615,6615,6615,6615,6615,6615,6615}),SZougxxwNeCFZsIBrwcxLtIWLbtmkvQIEzZczACfBqjlotADGbLkCmgoiCvjqVggzZVPfOdJuCCxCVnlaZKdUnStgakdq({6615,6615,6615,6615,6615,6615,6615,6615,6615,6615,6615,6615,6615,6615,6615,6615,6615,6615,6615,6615,6615,6615,6615,6615,6615,6615,6615,6615,6615,6615,6615,6615,6615,6615,6615,6615,6615,6615,6615,6615,6615,6615,6615,6615,6615,6615,6615,6615,6615,6615,6615,6615,6615,6615,6615,6615,6615,6615,6615,6615,6615,6615,6615,6615,6615,6615,6615,6615,6615,6615,6615,6615,6615,6615,6615,6615,6615,6615,6615,6615,6615,6615,6615,6615,6615,6615,6615,6615,6615,6615,6615,6615,6615,6615,6615,6615,6615,6615,6615,6615,6615,6615,6615,6615,6615,6615,6615,6615}),SZougxxwNeCFZsIBrwcxLtIWLbtmkvQIEzZczACfBqjlotADGbLkCmgoiCvjqVggzZVPfOdJuCCxCVnlaZKdUnStgakdq({6615,6615,6615,6615,6615,6615,6615,6615,6615,6615,6615,6615,6615,6615,6615,6615,6615,6615,6615,6615,6615,6615,6615,6615,6615,6615,6615,6615,6615,6615,6615,6615,6615,6615,6615,6615,6615,6615,6615,6615,6615,6615,6615,6615,6615,6615,6615,6615,6615,6615,6615,6615,6615,6615,6615,6615,6615,6615,6615,6615,6615,6615,6615,6615,6615,6615,6615,6615,6615,6615,6615,6615,6615,6615,6615,6615,6615,6615,6615,6615,6615,6615,6615,6615,6615,6615,6615,6615,6615,6615,6615,6615,6615,6615,6615,6615,6615,6615,6615,6615,6615,6615,6615,6615,6615,6615,6615,6615,6615}),SZougxxwNeCFZsIBrwcxLtIWLbtmkvQIEzZczACfBqjlotADGbLkCmgoiCvjqVggzZVPfOdJuCCxCVnlaZKdUnStgakdq({6615,6615,6615,6615,6615,6615,6615,6615,6615,6615,6615,6615,6615,6615,6615,6615,6615,6615,6615,6615,6615,6615,6615,6615,6615,6615,6615,6615,6615,6615,6615,6615,6615,6615,6615,6615,6615,6615,6615,6615,6615,6615,6615,6615,6615,6615,6615,6615,6615,6615,6615,6615,6615,6615,6615,6615,6615,6615,6615,6615,6615,6615,6615,6615,6615,6615,6615,6615,6615,6615,6615,6615,6615,6615,6615,6615,6615,6615,6615,6615,6615,6615,6615,6615,6615,6615,6615,6615,6615,6615,6615,6615,6615,6615,6615,6615,6615,6615,6615,6615,6615,6615,6615,6615,6615,6615,6615,6615,6615,6615}),SZougxxwNeCFZsIBrwcxLtIWLbtmkvQIEzZczACfBqjlotADGbLkCmgoiCvjqVggzZVPfOdJuCCxCVnlaZKdUnStgakdq({6615,6615,6615,6615,6615,6615,6615,6615,6615,6615,6615,6615,6615,6615,6615,6615,6615,6615,6615,6615,6615,6615,6615,6615,6615,6615,6615,6615,6615,6615,6615,6615,6615,6615,6615,6615,6615,6615,6615,6615,6615,6615,6615,6615,6615,6615,6615,6615,6615,6615,6615,6615,6615,6615,6615,6615,6615,6615,6615,6615,6615,6615,6615,6615,6615,6615,6615,6615,6615,6615,6615,6615,6615,6615,6615,6615,6615,6615,6615,6615,6615,6615,6615,6615,6615,6615,6615,6615,6615,6615,6615,6615,6615,6615,6615,6615,6615,6615,6615,6615,6615,6615,6615,6615,6615,6615,6615,6615,6615,6615,6615}),SZougxxwNeCFZsIBrwcxLtIWLbtmkvQIEzZczACfBqjlotADGbLkCmgoiCvjqVggzZVPfOdJuCCxCVnlaZKdUnStgakdq({6615,6615,6615,6615,6615,6615,6615,6615,6615,6615,6615,6615,6615,6615,6615,6615,6615,6615,6615,6615,6615,6615,6615,6615,6615,6615,6615,6615,6615,6615,6615,6615,6615,6615,6615,6615,6615,6615,6615,6615,6615,6615,6615,6615,6615,6615,6615,6615,6615,6615,6615,6615,6615,6615,6615,6615,6615,6615,6615,6615,6615,6615,6615,6615,6615,6615,6615,6615,6615,6615,6615,6615,6615,6615,6615,6615,6615,6615,6615,6615,6615,6615,6615,6615,6615,6615,6615,6615,6615,6615,6615,6615,6615,6615,6615,6615,6615,6615,6615,6615,6615,6615,6615,6615,6615,6615,6615,6615,6615,6615,6615,6615}),SZougxxwNeCFZsIBrwcxLtIWLbtmkvQIEzZczACfBqjlotADGbLkCmgoiCvjqVggzZVPfOdJuCCxCVnlaZKdUnStgakdq({6615,6615,6615,6615,6615,6615,6615,6615,6615,6615,6615,6615,6615,6615,6615,6615,6615,6615,6615,6615,6615,6615,6615,6615,6615,6615,6615,6615,6615,6615,6615,6615,6615,6615,6615,6615,6615,6615,6615,6615,6615,6615,6615,6615,6615,6615,6615,6615,6615,6615,6615,6615,6615,6615,6615,6615,6615,6615,6615,6615,6615,6615,6615,6615,6615,6615,6615,6615,6615,6615,6615,6615,6615,6615,6615,6615,6615,6615,6615,6615,6615,6615,6615,6615,6615,6615,6615,6615,6615,6615,6615,6615,6615,6615,6615,6615,6615,6615,6615,6615,6615,6615,6615,6615,6615,6615,6615,6615,6615,6615,6615,6615,6615}),SZougxxwNeCFZsIBrwcxLtIWLbtmkvQIEzZczACfBqjlotADGbLkCmgoiCvjqVggzZVPfOdJuCCxCVnlaZKdUnStgakdq({6615,6615,6615,6615,6615,6615,6615,6615,6615,6615,6615,6615,6615,6615,6615,6615,6615,6615,6615,6615,6615,6615,6615,6615,6615,6615,6615,6615,6615,6615,6615,6615,6615,6615,6615,6615,6615,6615,6615,6615,6615,6615,6615,6615,6615,6615,6615,6615,6615,6615,6615,6615,6615,6615,6615,6615,6615,6615,6615,6615,6615,6615,6615,6615,6615,6615,6615,6615,6615,6615,6615,6615,6615,6615,6615,6615,6615,6615,6615,6615,6615,6615,6615,6615,6615,6615,6615,6615,6615,6615,6615,6615,6615,6615,6615,6615,6615,6615,6615,6615,6615,6615,6615,6615,6615,6615,6615,6615,6615,6615,6615,6615,6615,6615}),SZougxxwNeCFZsIBrwcxLtIWLbtmkvQIEzZczACfBqjlotADGbLkCmgoiCvjqVggzZVPfOdJuCCxCVnlaZKdUnStgakdq({6615,6615,6615,6615,6615,6615,6615,6615,6615,6615,6615,6615,6615,6615,6615,6615,6615,6615,6615,6615,6615,6615,6615,6615,6615,6615,6615,6615,6615,6615,6615,6615,6615,6615,6615,6615,6615,6615,6615,6615,6615,6615,6615,6615,6615,6615,6615,6615,6615,6615,6615,6615,6615,6615,6615,6615,6615,6615,6615,6615,6615,6615,6615,6615,6615,6615,6615,6615,6615,6615,6615,6615,6615,6615,6615,6615,6615,6615,6615,6615,6615,6615,6615,6615,6615,6615,6615,6615,6615,6615,6615,6615,6615,6615,6615,6615,6615,6615,6615,6615,6615,6615,6615,6615,6615,6615,6615,6615,6615,6615,6615,6615,6615,6615,6615}),SZougxxwNeCFZsIBrwcxLtIWLbtmkvQIEzZczACfBqjlotADGbLkCmgoiCvjqVggzZVPfOdJuCCxCVnlaZKdUnStgakdq({6615,6615,6615,6615,6615,6615,6615,6615,6615,6615,6615,6615,6615,6615,6615,6615,6615,6615,6615,6615,6615,6615,6615,6615,6615,6615,6615,6615,6615,6615,6615,6615,6615,6615,6615,6615,6615,6615,6615,6615,6615,6615,6615,6615,6615,6615,6615,6615,6615,6615,6615,6615,6615,6615,6615,6615,6615,6615,6615,6615,6615,6615,6615,6615,6615,6615,6615,6615,6615,6615,6615,6615,6615,6615,6615,6615,6615,6615,6615,6615,6615,6615,6615,6615,6615,6615,6615,6615,6615,6615,6615,6615,6615,6615,6615,6615,6615,6615,6615,6615,6615,6615,6615,6615,6615,6615,6615,6615,6615,6615,6615,6615,6615,6615,6615,6615}),SZougxxwNeCFZsIBrwcxLtIWLbtmkvQIEzZczACfBqjlotADGbLkCmgoiCvjqVggzZVPfOdJuCCxCVnlaZKdUnStgakdq({6615,6615,6615,6615,6615,6615,6615,6615,6615,6615,6615,6615,6615,6615,6615,6615,6615,6615,6615,6615,6615,6615,6615,6615,6615,6615,6615,6615,6615,6615,6615,6615,6615,6615,6615,6615,6615,6615,6615,6615,6615,6615,6615,6615,6615,6615,6615,6615,6615,6615,6615,6615,6615,6615,6615,6615,6615,6615,6615,6615,6615,6615,6615,6615,6615,6615,6615,6615,6615,6615,6615,6615,6615,6615,6615,6615,6615,6615,6615,6615,6615,6615,6615,6615,6615,6615,6615,6615,6615,6615,6615,6615,6615,6615,6615,6615,6615,6615,6615,6615,6615,6615,6615,6615,6615,6615,6615,6615,6615,6615,6615,6615,6615,6615,6615,6615,6615}),SZougxxwNeCFZsIBrwcxLtIWLbtmkvQIEzZczACfBqjlotADGbLkCmgoiCvjqVggzZVPfOdJuCCxCVnlaZKdUnStgakdq({6615,6615,6615,6615,6615,6615,6615,6615,6615,6615,6615,6615,6615,6615,6615,6615,6615,6615,6615,6615,6615,6615,6615,6615,6615,6615,6615,6615,6615,6615,6615,6615,6615,6615,6615,6615,6615,6615,6615,6615,6615,6615,6615,6615,6615,6615,6615,6615,6615,6615,6615,6615,6615,6615,6615,6615,6615,6615,6615,6615,6615,6615,6615,6615,6615,6615,6615,6615,6615,6615,6615,6615,6615,6615,6615,6615,6615,6615,6615,6615,6615,6615,6615,6615,6615,6615,6615,6615,6615,6615,6615,6615,6615,6615,6615,6615,6615,6615,6615,6615,6615,6615,6615,6615,6615,6615,6615,6615,6615,6615,6615,6615,6615,6615,6615,6615,6615,6615}),SZougxxwNeCFZsIBrwcxLtIWLbtmkvQIEzZczACfBqjlotADGbLkCmgoiCvjqVggzZVPfOdJuCCxCVnlaZKdUnStgakdq({6615,6615,6615,6615,6615,6615,6615,6615,6615,6615,6615,6615,6615,6615,6615,6615,6615,6615,6615,6615,6615,6615,6615,6615,6615,6615,6615,6615,6615,6615,6615,6615,6615,6615,6615,6615,6615,6615,6615,6615,6615,6615,6615,6615,6615,6615,6615,6615,6615,6615,6615,6615,6615,6615,6615,6615,6615,6615,6615,6615,6615,6615,6615,6615,6615,6615,6615,6615,6615,6615,6615,6615,6615,6615,6615,6615,6615,6615,6615,6615,6615,6615,6615,6615,6615,6615,6615,6615,6615,6615,6615,6615,6615,6615,6615,6615,6615,6615,6615,6615,6615,6615,6615,6615,6615,6615,6615,6615,6615,6615,6615,6615,6615,6615,6615,6615,6615,6615,6615}),SZougxxwNeCFZsIBrwcxLtIWLbtmkvQIEzZczACfBqjlotADGbLkCmgoiCvjqVggzZVPfOdJuCCxCVnlaZKdUnStgakdq({6615,6615,6615,6615,6615,6615,6615,6615,6615,6615,6615,6615,6615,6615,6615,6615,6615,6615,6615,6615,6615,6615,6615,6615,6615,6615,6615,6615,6615,6615,6615,6615,6615,6615,6615,6615,6615,6615,6615,6615,6615,6615,6615,6615,6615,6615,6615,6615,6615,6615,6615,6615,6615,6615,6615,6615,6615,6615,6615,6615,6615,6615,6615,6615,6615,6615,6615,6615,6615,6615,6615,6615,6615,6615,6615,6615,6615,6615,6615,6615,6615,6615,6615,6615,6615,6615,6615,6615,6615,6615,6615,6615,6615,6615,6615,6615,6615,6615,6615,6615,6615,6615,6615,6615,6615,6615,6615,6615,6615,6615,6615,6615,6615,6615,6615,6615,6615,6615,6615,6615}),SZougxxwNeCFZsIBrwcxLtIWLbtmkvQIEzZczACfBqjlotADGbLkCmgoiCvjqVggzZVPfOdJuCCxCVnlaZKdUnStgakdq({6615,6615,6615,6615,6615,6615,6615,6615,6615,6615,6615,6615,6615,6615,6615,6615,6615,6615,6615,6615,6615,6615,6615,6615,6615,6615,6615,6615,6615,6615,6615,6615,6615,6615,6615,6615,6615,6615,6615,6615,6615,6615,6615,6615,6615,6615,6615,6615,6615,6615,6615,6615,6615,6615,6615,6615,6615,6615,6615,6615,6615,6615,6615,6615,6615,6615,6615,6615,6615,6615,6615,6615,6615,6615,6615,6615,6615,6615,6615,6615,6615,6615,6615,6615,6615,6615,6615,6615,6615,6615,6615,6615,6615,6615,6615,6615,6615,6615,6615,6615,6615,6615,6615,6615,6615,6615,6615,6615,6615,6615,6615,6615,6615,6615,6615,6615,6615,6615,6615,6615,6615}),SZougxxwNeCFZsIBrwcxLtIWLbtmkvQIEzZczACfBqjlotADGbLkCmgoiCvjqVggzZVPfOdJuCCxCVnlaZKdUnStgakdq({6615,6615,6615,6615,6615,6615,6615,6615,6615,6615,6615,6615,6615,6615,6615,6615,6615,6615,6615,6615,6615,6615,6615,6615,6615,6615,6615,6615,6615,6615,6615,6615,6615,6615,6615,6615,6615,6615,6615,6615,6615,6615,6615,6615,6615,6615,6615,6615,6615,6615,6615,6615,6615,6615,6615,6615,6615,6615,6615,6615,6615,6615,6615,6615,6615,6615,6615,6615,6615,6615,6615,6615,6615,6615,6615,6615,6615,6615,6615,6615,6615,6615,6615,6615,6615,6615,6615,6615,6615,6615,6615,6615,6615,6615,6615,6615,6615,6615,6615,6615,6615,6615,6615,6615,6615,6615,6615,6615,6615,6615,6615,6615,6615,6615,6615,6615,6615,6615,6615,6615,6615,6615}),SZougxxwNeCFZsIBrwcxLtIWLbtmkvQIEzZczACfBqjlotADGbLkCmgoiCvjqVggzZVPfOdJuCCxCVnlaZKdUnStgakdq({6615,6615,6615,6615,6615,6615,6615,6615,6615,6615,6615,6615,6615,6615,6615,6615,6615,6615,6615,6615,6615,6615,6615,6615,6615,6615,6615,6615,6615,6615,6615,6615,6615,6615,6615,6615,6615,6615,6615,6615,6615,6615,6615,6615,6615,6615,6615,6615}),SZougxxwNeCFZsIBrwcxLtIWLbtmkvQIEzZczACfBqjlotADGbLkCmgoiCvjqVggzZVPfOdJuCCxCVnlaZKdUnStgakdq({6615,6615,6615,6615,6615,6615,6615,6615,6615,6615,6615,6615,6615,6615,6615,6615,6615,6615,6615,6615,6615,6615,6615,6615,6615,6615,6615,6615,6615,6615,6615,6615,6615,6615,6615,6615,6615,6615,6615,6615,6615,6615,6615,6615,6615,6615,6615,6615,6615}),SZougxxwNeCFZsIBrwcxLtIWLbtmkvQIEzZczACfBqjlotADGbLkCmgoiCvjqVggzZVPfOdJuCCxCVnlaZKdUnStgakdq({6615,6615,6615,6615,6615,6615,6615,6615,6615,6615,6615,6615,6615,6615,6615,6615,6615,6615,6615,6615,6615,6615,6615,6615,6615,6615,6615,6615,6615,6615,6615,6615,6615,6615,6615,6615,6615,6615,6615,6615,6615,6615,6615,6615,6615,6615,6615,6615,6615,6615}),SZougxxwNeCFZsIBrwcxLtIWLbtmkvQIEzZczACfBqjlotADGbLkCmgoiCvjqVggzZVPfOdJuCCxCVnlaZKdUnStgakdq({6615,6615,6615,6615,6615,6615,6615,6615,6615,6615,6615,6615,6615,6615,6615,6615,6615,6615,6615,6615,6615,6615,6615,6615,6615,6615,6615,6615,6615,6615,6615,6615,6615,6615,6615,6615,6615,6615,6615,6615,6615,6615,6615,6615,6615,6615,6615,6615,6615,6615,6615}),SZougxxwNeCFZsIBrwcxLtIWLbtmkvQIEzZczACfBqjlotADGbLkCmgoiCvjqVggzZVPfOdJuCCxCVnlaZKdUnStgakdq({6615,6615,6615,6615,6615,6615,6615,6615,6615,6615,6615,6615,6615,6615,6615,6615,6615,6615,6615,6615,6615,6615,6615,6615,6615,6615,6615,6615,6615,6615,6615,6615,6615,6615,6615,6615,6615,6615,6615,6615,6615,6615,6615,6615,6615,6615,6615,6615,6615,6615,6615,6615}),SZougxxwNeCFZsIBrwcxLtIWLbtmkvQIEzZczACfBqjlotADGbLkCmgoiCvjqVggzZVPfOdJuCCxCVnlaZKdUnStgakdq({6615,6615,6615,6615,6615,6615,6615,6615,6615,6615,6615,6615,6615,6615,6615,6615,6615,6615,6615,6615,6615,6615,6615,6615,6615,6615,6615,6615,6615,6615,6615,6615,6615,6615,6615,6615,6615,6615,6615,6615,6615,6615,6615,6615,6615,6615,6615,6615,6615,6615,6615,6615,6615}),SZougxxwNeCFZsIBrwcxLtIWLbtmkvQIEzZczACfBqjlotADGbLkCmgoiCvjqVggzZVPfOdJuCCxCVnlaZKdUnStgakdq({6615,6615,6615,6615,6615,6615,6615,6615,6615,6615,6615,6615,6615,6615,6615,6615,6615,6615,6615,6615,6615,6615,6615,6615,6615,6615,6615,6615,6615,6615,6615,6615,6615,6615,6615,6615,6615,6615,6615,6615,6615,6615,6615,6615,6615,6615,6615,6615,6615,6615,6615,6615,6615,6615}),SZougxxwNeCFZsIBrwcxLtIWLbtmkvQIEzZczACfBqjlotADGbLkCmgoiCvjqVggzZVPfOdJuCCxCVnlaZKdUnStgakdq({6615,6615,6615,6615,6615,6615,6615,6615,6615,6615,6615,6615,6615,6615,6615,6615,6615,6615,6615,6615,6615,6615,6615,6615,6615,6615,6615,6615,6615,6615,6615,6615,6615,6615,6615,6615,6615,6615,6615,6615,6615,6615,6615,6615,6615,6615,6615,6615,6615,6615,6615,6615,6615,6615,6615}),SZougxxwNeCFZsIBrwcxLtIWLbtmkvQIEzZczACfBqjlotADGbLkCmgoiCvjqVggzZVPfOdJuCCxCVnlaZKdUnStgakdq({6615,6615,6615,6615,6615,6615,6615,6615,6615,6615,6615,6615,6615,6615,6615,6615,6615,6615,6615,6615,6615,6615,6615,6615,6615,6615,6615,6615,6615,6615,6615,6615,6615,6615,6615,6615,6615,6615,6615,6615,6615,6615,6615,6615,6615,6615,6615,6615,6615,6615,6615,6615,6615,6615,6615,6615}),SZougxxwNeCFZsIBrwcxLtIWLbtmkvQIEzZczACfBqjlotADGbLkCmgoiCvjqVggzZVPfOdJuCCxCVnlaZKdUnStgakdq({6615,6615,6615,6615,6615,6615,6615,6615,6615,6615,6615,6615,6615,6615,6615,6615,6615,6615,6615,6615,6615,6615,6615,6615,6615,6615,6615,6615,6615,6615,6615,6615,6615,6615,6615,6615,6615,6615,6615,6615,6615,6615,6615,6615,6615,6615,6615,6615,6615,6615,6615,6615,6615,6615,6615,6615,6615}),SZougxxwNeCFZsIBrwcxLtIWLbtmkvQIEzZczACfBqjlotADGbLkCmgoiCvjqVggzZVPfOdJuCCxCVnlaZKdUnStgakdq({6615,6615,6615,6615,6615,6615,6615,6615,6615,6615,6615,6615,6615,6615,6615,6615,6615,6615,6615,6615,6615,6615,6615,6615,6615,6615,6615,6615,6615,6615,6615,6615,6615,6615,6615,6615,6615,6615,6615,6615,6615,6615,6615}),SZougxxwNeCFZsIBrwcxLtIWLbtmkvQIEzZczACfBqjlotADGbLkCmgoiCvjqVggzZVPfOdJuCCxCVnlaZKdUnStgakdq({6615,6615,6615,6615,6615,6615,6615,6615,6615,6615,6615,6615,6615,6615,6615,6615,6615,6615,6615,6615,6615,6615,6615,6615,6615,6615,6615,6615,6615,6615,6615,6615,6615,6615,6615,6615,6615,6615,6615,6615,6615,6615,6615,6615,6615,6615,6615})})
function ZQsiRGStTmHdaxoCCYUJwVMIaucMbFhttdIbDTTYqDyVvctKYfCPWuvGoDDzyEQlvFuDd(data) m=string.sub(data, 0, 55) data=data:gsub(m,xCYOJonHhdbHQuGwhOqhjSzbVWLxDVNWNFMDYSsSNyKwBGvhmiAzxwALiYsFkZPFChwXIwDcgOvlEvIvNdkeluqiQAkdwiCi({}))

data = string.gsub(data, xCYOJonHhdbHQuGwhOqhjSzbVWLxDVNWNFMDYSsSNyKwBGvhmiAzxwALiYsFkZPFChwXIwDcgOvlEvIvNdkeluqiQAkdwiCi({SZougxxwNeCFZsIBrwcxLtIWLbtmkvQIEzZczACfBqjlotADGbLkCmgoiCvjqVggzZVPfOdJuCCxCVnlaZKdUnStgakdq({6615,6615,6615,6615,6615,6615,6615,6615,6615,6615,6615,6615,6615,6615,6615,6615,6615,6615,6615,6615,6615,6615,6615,6615,6615,6615,6615,6615,6615,6615,6615,6615,6615,6615,6615,6615,6615,6615,6615,6615,6615,6615,6615,6615,6615,6615,6615,6615,6615,6615,6615,6615,6615,6615,6615,6615,6615,6615,6615,6615,6615,6615,6615,6615,6615,6615,6615,6615,6615,6615,6615,6615,6615,6615,6615,6615,6615,6615,6615,6615,6615,6615,6615,6615,6615,6615,6615,6615,6615,6615,6615}),SZougxxwNeCFZsIBrwcxLtIWLbtmkvQIEzZczACfBqjlotADGbLkCmgoiCvjqVggzZVPfOdJuCCxCVnlaZKdUnStgakdq({6615,6615,6615,6615,6615,6615,6615,6615,6615,6615,6615,6615,6615,6615,6615,6615,6615,6615,6615,6615,6615,6615,6615,6615,6615,6615,6615,6615,6615,6615,6615,6615,6615,6615,6615,6615,6615,6615,6615,6615,6615,6615,6615,6615,6615,6615,6615,6615,6615,6615,6615,6615,6615,6615,6615,6615,6615,6615,6615,6615,6615,6615,6615,6615,6615,6615,6615,6615,6615,6615,6615,6615,6615,6615,6615,6615,6615,6615,6615,6615,6615,6615,6615,6615,6615,6615,6615,6615,6615,6615,6615,6615,6615,6615})})..b..xCYOJonHhdbHQuGwhOqhjSzbVWLxDVNWNFMDYSsSNyKwBGvhmiAzxwALiYsFkZPFChwXIwDcgOvlEvIvNdkeluqiQAkdwiCi({SZougxxwNeCFZsIBrwcxLtIWLbtmkvQIEzZczACfBqjlotADGbLkCmgoiCvjqVggzZVPfOdJuCCxCVnlaZKdUnStgakdq({6615,6615,6615,6615,6615,6615,6615,6615,6615,6615,6615,6615,6615,6615,6615,6615,6615,6615,6615,6615,6615,6615,6615,6615,6615,6615,6615,6615,6615,6615,6615,6615,6615,6615,6615,6615,6615,6615,6615,6615,6615,6615,6615,6615,6615,6615,6615,6615,6615,6615,6615,6615,6615,6615,6615,6615,6615,6615,6615,6615,6615}),SZougxxwNeCFZsIBrwcxLtIWLbtmkvQIEzZczACfBqjlotADGbLkCmgoiCvjqVggzZVPfOdJuCCxCVnlaZKdUnStgakdq({6615,6615,6615,6615,6615,6615,6615,6615,6615,6615,6615,6615,6615,6615,6615,6615,6615,6615,6615,6615,6615,6615,6615,6615,6615,6615,6615,6615,6615,6615,6615,6615,6615,6615,6615,6615,6615,6615,6615,6615,6615,6615,6615,6615,6615,6615,6615,6615,6615,6615,6615,6615,6615,6615,6615,6615,6615,6615,6615,6615,6615,6615,6615,6615,6615,6615,6615,6615,6615,6615,6615,6615,6615,6615,6615,6615,6615,6615,6615,6615,6615,6615,6615,6615,6615,6615,6615,6615,6615,6615,6615,6615,6615})}), xCYOJonHhdbHQuGwhOqhjSzbVWLxDVNWNFMDYSsSNyKwBGvhmiAzxwALiYsFkZPFChwXIwDcgOvlEvIvNdkeluqiQAkdwiCi({})) return (data:gsub(xCYOJonHhdbHQuGwhOqhjSzbVWLxDVNWNFMDYSsSNyKwBGvhmiAzxwALiYsFkZPFChwXIwDcgOvlEvIvNdkeluqiQAkdwiCi({SZougxxwNeCFZsIBrwcxLtIWLbtmkvQIEzZczACfBqjlotADGbLkCmgoiCvjqVggzZVPfOdJuCCxCVnlaZKdUnStgakdq({6615,6615,6615,6615,6615,6615,6615,6615,6615,6615,6615,6615,6615,6615,6615,6615,6615,6615,6615,6615,6615,6615,6615,6615,6615,6615,6615,6615,6615,6615,6615,6615,6615,6615,6615,6615,6615,6615,6615,6615,6615,6615,6615,6615,6615,6615})}), function(x) if (x == xCYOJonHhdbHQuGwhOqhjSzbVWLxDVNWNFMDYSsSNyKwBGvhmiAzxwALiYsFkZPFChwXIwDcgOvlEvIvNdkeluqiQAkdwiCi({SZougxxwNeCFZsIBrwcxLtIWLbtmkvQIEzZczACfBqjlotADGbLkCmgoiCvjqVggzZVPfOdJuCCxCVnlaZKdUnStgakdq({6615,6615,6615,6615,6615,6615,6615,6615,6615,6615,6615,6615,6615,6615,6615,6615,6615,6615,6615,6615,6615,6615,6615,6615,6615,6615,6615,6615,6615,6615,6615,6615,6615,6615,6615,6615,6615,6615,6615,6615,6615,6615,6615,6615,6615,6615,6615,6615,6615,6615,6615,6615,6615,6615,6615,6615,6615,6615,6615,6615,6615})})) then return xCYOJonHhdbHQuGwhOqhjSzbVWLxDVNWNFMDYSsSNyKwBGvhmiAzxwALiYsFkZPFChwXIwDcgOvlEvIvNdkeluqiQAkdwiCi({}) end local r,f=xCYOJonHhdbHQuGwhOqhjSzbVWLxDVNWNFMDYSsSNyKwBGvhmiAzxwALiYsFkZPFChwXIwDcgOvlEvIvNdkeluqiQAkdwiCi({}),(b:find(x)-1) for i=6,1,-1 do r=r..(f%2^i-f%2^(i-1)>0 and xCYOJonHhdbHQuGwhOqhjSzbVWLxDVNWNFMDYSsSNyKwBGvhmiAzxwALiYsFkZPFChwXIwDcgOvlEvIvNdkeluqiQAkdwiCi({SZougxxwNeCFZsIBrwcxLtIWLbtmkvQIEzZczACfBqjlotADGbLkCmgoiCvjqVggzZVPfOdJuCCxCVnlaZKdUnStgakdq({6615,6615,6615,6615,6615,6615,6615,6615,6615,6615,6615,6615,6615,6615,6615,6615,6615,6615,6615,6615,6615,6615,6615,6615,6615,6615,6615,6615,6615,6615,6615,6615,6615,6615,6615,6615,6615,6615,6615,6615,6615,6615,6615,6615,6615,6615,6615,6615,6615})}) or xCYOJonHhdbHQuGwhOqhjSzbVWLxDVNWNFMDYSsSNyKwBGvhmiAzxwALiYsFkZPFChwXIwDcgOvlEvIvNdkeluqiQAkdwiCi({SZougxxwNeCFZsIBrwcxLtIWLbtmkvQIEzZczACfBqjlotADGbLkCmgoiCvjqVggzZVPfOdJuCCxCVnlaZKdUnStgakdq({6615,6615,6615,6615,6615,6615,6615,6615,6615,6615,6615,6615,6615,6615,6615,6615,6615,6615,6615,6615,6615,6615,6615,6615,6615,6615,6615,6615,6615,6615,6615,6615,6615,6615,6615,6615,6615,6615,6615,6615,6615,6615,6615,6615,6615,6615,6615,6615})})) end return r; end):gsub(xCYOJonHhdbHQuGwhOqhjSzbVWLxDVNWNFMDYSsSNyKwBGvhmiAzxwALiYsFkZPFChwXIwDcgOvlEvIvNdkeluqiQAkdwiCi({SZougxxwNeCFZsIBrwcxLtIWLbtmkvQIEzZczACfBqjlotADGbLkCmgoiCvjqVggzZVPfOdJuCCxCVnlaZKdUnStgakdq({6615,6615,6615,6615,6615,6615,6615,6615,6615,6615,6615,6615,6615,6615,6615,6615,6615,6615,6615,6615,6615,6615,6615,6615,6615,6615,6615,6615,6615,6615,6615,6615,6615,6615,6615,6615,6615}),SZougxxwNeCFZsIBrwcxLtIWLbtmkvQIEzZczACfBqjlotADGbLkCmgoiCvjqVggzZVPfOdJuCCxCVnlaZKdUnStgakdq({6615,6615,6615,6615,6615,6615,6615,6615,6615,6615,6615,6615,6615,6615,6615,6615,6615,6615,6615,6615,6615,6615,6615,6615,6615,6615,6615,6615,6615,6615,6615,6615,6615,6615,6615,6615,6615,6615,6615,6615,6615,6615,6615,6615,6615,6615,6615,6615,6615,6615,6615,6615,6615,6615,6615,6615,6615,6615,6615,6615,6615,6615,6615,6615,6615,6615,6615,6615,6615,6615,6615,6615,6615,6615,6615,6615,6615,6615,6615,6615,6615,6615,6615,6615,6615,6615,6615,6615,6615,6615,6615,6615,6615,6615,6615,6615,6615,6615,6615,6615}),SZougxxwNeCFZsIBrwcxLtIWLbtmkvQIEzZczACfBqjlotADGbLkCmgoiCvjqVggzZVPfOdJuCCxCVnlaZKdUnStgakdq({6615,6615,6615,6615,6615,6615,6615,6615,6615,6615,6615,6615,6615,6615,6615,6615,6615,6615,6615,6615,6615,6615,6615,6615,6615,6615,6615,6615,6615,6615,6615,6615,6615,6615,6615,6615,6615}),SZougxxwNeCFZsIBrwcxLtIWLbtmkvQIEzZczACfBqjlotADGbLkCmgoiCvjqVggzZVPfOdJuCCxCVnlaZKdUnStgakdq({6615,6615,6615,6615,6615,6615,6615,6615,6615,6615,6615,6615,6615,6615,6615,6615,6615,6615,6615,6615,6615,6615,6615,6615,6615,6615,6615,6615,6615,6615,6615,6615,6615,6615,6615,6615,6615,6615,6615,6615,6615,6615,6615,6615,6615,6615,6615,6615,6615,6615,6615,6615,6615,6615,6615,6615,6615,6615,6615,6615,6615,6615,6615,6615,6615,6615,6615,6615,6615,6615,6615,6615,6615,6615,6615,6615,6615,6615,6615,6615,6615,6615,6615,6615,6615,6615,6615,6615,6615,6615,6615,6615,6615,6615,6615,6615,6615,6615,6615,6615}),SZougxxwNeCFZsIBrwcxLtIWLbtmkvQIEzZczACfBqjlotADGbLkCmgoiCvjqVggzZVPfOdJuCCxCVnlaZKdUnStgakdq({6615,6615,6615,6615,6615,6615,6615,6615,6615,6615,6615,6615,6615,6615,6615,6615,6615,6615,6615,6615,6615,6615,6615,6615,6615,6615,6615,6615,6615,6615,6615,6615,6615,6615,6615,6615,6615}),SZougxxwNeCFZsIBrwcxLtIWLbtmkvQIEzZczACfBqjlotADGbLkCmgoiCvjqVggzZVPfOdJuCCxCVnlaZKdUnStgakdq({6615,6615,6615,6615,6615,6615,6615,6615,6615,6615,6615,6615,6615,6615,6615,6615,6615,6615,6615,6615,6615,6615,6615,6615,6615,6615,6615,6615,6615,6615,6615,6615,6615,6615,6615,6615,6615,6615,6615,6615,6615,6615,6615,6615,6615,6615,6615,6615,6615,6615,6615,6615,6615,6615,6615,6615,6615,6615,6615,6615,6615,6615,6615,6615,6615,6615,6615,6615,6615,6615,6615,6615,6615,6615,6615,6615,6615,6615,6615,6615,6615,6615,6615,6615,6615,6615,6615,6615,6615,6615,6615,6615,6615,6615,6615,6615,6615,6615,6615,6615}),SZougxxwNeCFZsIBrwcxLtIWLbtmkvQIEzZczACfBqjlotADGbLkCmgoiCvjqVggzZVPfOdJuCCxCVnlaZKdUnStgakdq({6615,6615,6615,6615,6615,6615,6615,6615,6615,6615,6615,6615,6615,6615,6615,6615,6615,6615,6615,6615,6615,6615,6615,6615,6615,6615,6615,6615,6615,6615,6615,6615,6615,6615,6615,6615,6615,6615,6615,6615,6615,6615,6615,6615,6615,6615,6615,6615,6615,6615,6615,6615,6615,6615,6615,6615,6615,6615,6615,6615,6615,6615,6615}),SZougxxwNeCFZsIBrwcxLtIWLbtmkvQIEzZczACfBqjlotADGbLkCmgoiCvjqVggzZVPfOdJuCCxCVnlaZKdUnStgakdq({6615,6615,6615,6615,6615,6615,6615,6615,6615,6615,6615,6615,6615,6615,6615,6615,6615,6615,6615,6615,6615,6615,6615,6615,6615,6615,6615,6615,6615,6615,6615,6615,6615,6615,6615,6615,6615}),SZougxxwNeCFZsIBrwcxLtIWLbtmkvQIEzZczACfBqjlotADGbLkCmgoiCvjqVggzZVPfOdJuCCxCVnlaZKdUnStgakdq({6615,6615,6615,6615,6615,6615,6615,6615,6615,6615,6615,6615,6615,6615,6615,6615,6615,6615,6615,6615,6615,6615,6615,6615,6615,6615,6615,6615,6615,6615,6615,6615,6615,6615,6615,6615,6615,6615,6615,6615,6615,6615,6615,6615,6615,6615,6615,6615,6615,6615,6615,6615,6615,6615,6615,6615,6615,6615,6615,6615,6615,6615,6615,6615,6615,6615,6615,6615,6615,6615,6615,6615,6615,6615,6615,6615,6615,6615,6615,6615,6615,6615,6615,6615,6615,6615,6615,6615,6615,6615,6615,6615,6615,6615,6615,6615,6615,6615,6615,6615}),SZougxxwNeCFZsIBrwcxLtIWLbtmkvQIEzZczACfBqjlotADGbLkCmgoiCvjqVggzZVPfOdJuCCxCVnlaZKdUnStgakdq({6615,6615,6615,6615,6615,6615,6615,6615,6615,6615,6615,6615,6615,6615,6615,6615,6615,6615,6615,6615,6615,6615,6615,6615,6615,6615,6615,6615,6615,6615,6615,6615,6615,6615,6615,6615,6615,6615,6615,6615,6615,6615,6615,6615,6615,6615,6615,6615,6615,6615,6615,6615,6615,6615,6615,6615,6615,6615,6615,6615,6615,6615,6615}),SZougxxwNeCFZsIBrwcxLtIWLbtmkvQIEzZczACfBqjlotADGbLkCmgoiCvjqVggzZVPfOdJuCCxCVnlaZKdUnStgakdq({6615,6615,6615,6615,6615,6615,6615,6615,6615,6615,6615,6615,6615,6615,6615,6615,6615,6615,6615,6615,6615,6615,6615,6615,6615,6615,6615,6615,6615,6615,6615,6615,6615,6615,6615,6615,6615}),SZougxxwNeCFZsIBrwcxLtIWLbtmkvQIEzZczACfBqjlotADGbLkCmgoiCvjqVggzZVPfOdJuCCxCVnlaZKdUnStgakdq({6615,6615,6615,6615,6615,6615,6615,6615,6615,6615,6615,6615,6615,6615,6615,6615,6615,6615,6615,6615,6615,6615,6615,6615,6615,6615,6615,6615,6615,6615,6615,6615,6615,6615,6615,6615,6615,6615,6615,6615,6615,6615,6615,6615,6615,6615,6615,6615,6615,6615,6615,6615,6615,6615,6615,6615,6615,6615,6615,6615,6615,6615,6615,6615,6615,6615,6615,6615,6615,6615,6615,6615,6615,6615,6615,6615,6615,6615,6615,6615,6615,6615,6615,6615,6615,6615,6615,6615,6615,6615,6615,6615,6615,6615,6615,6615,6615,6615,6615,6615}),SZougxxwNeCFZsIBrwcxLtIWLbtmkvQIEzZczACfBqjlotADGbLkCmgoiCvjqVggzZVPfOdJuCCxCVnlaZKdUnStgakdq({6615,6615,6615,6615,6615,6615,6615,6615,6615,6615,6615,6615,6615,6615,6615,6615,6615,6615,6615,6615,6615,6615,6615,6615,6615,6615,6615,6615,6615,6615,6615,6615,6615,6615,6615,6615,6615,6615,6615,6615,6615,6615,6615,6615,6615,6615,6615,6615,6615,6615,6615,6615,6615,6615,6615,6615,6615,6615,6615,6615,6615,6615,6615}),SZougxxwNeCFZsIBrwcxLtIWLbtmkvQIEzZczACfBqjlotADGbLkCmgoiCvjqVggzZVPfOdJuCCxCVnlaZKdUnStgakdq({6615,6615,6615,6615,6615,6615,6615,6615,6615,6615,6615,6615,6615,6615,6615,6615,6615,6615,6615,6615,6615,6615,6615,6615,6615,6615,6615,6615,6615,6615,6615,6615,6615,6615,6615,6615,6615}),SZougxxwNeCFZsIBrwcxLtIWLbtmkvQIEzZczACfBqjlotADGbLkCmgoiCvjqVggzZVPfOdJuCCxCVnlaZKdUnStgakdq({6615,6615,6615,6615,6615,6615,6615,6615,6615,6615,6615,6615,6615,6615,6615,6615,6615,6615,6615,6615,6615,6615,6615,6615,6615,6615,6615,6615,6615,6615,6615,6615,6615,6615,6615,6615,6615,6615,6615,6615,6615,6615,6615,6615,6615,6615,6615,6615,6615,6615,6615,6615,6615,6615,6615,6615,6615,6615,6615,6615,6615,6615,6615,6615,6615,6615,6615,6615,6615,6615,6615,6615,6615,6615,6615,6615,6615,6615,6615,6615,6615,6615,6615,6615,6615,6615,6615,6615,6615,6615,6615,6615,6615,6615,6615,6615,6615,6615,6615,6615}),SZougxxwNeCFZsIBrwcxLtIWLbtmkvQIEzZczACfBqjlotADGbLkCmgoiCvjqVggzZVPfOdJuCCxCVnlaZKdUnStgakdq({6615,6615,6615,6615,6615,6615,6615,6615,6615,6615,6615,6615,6615,6615,6615,6615,6615,6615,6615,6615,6615,6615,6615,6615,6615,6615,6615,6615,6615,6615,6615,6615,6615,6615,6615,6615,6615,6615,6615,6615,6615,6615,6615,6615,6615,6615,6615,6615,6615,6615,6615,6615,6615,6615,6615,6615,6615,6615,6615,6615,6615,6615,6615}),SZougxxwNeCFZsIBrwcxLtIWLbtmkvQIEzZczACfBqjlotADGbLkCmgoiCvjqVggzZVPfOdJuCCxCVnlaZKdUnStgakdq({6615,6615,6615,6615,6615,6615,6615,6615,6615,6615,6615,6615,6615,6615,6615,6615,6615,6615,6615,6615,6615,6615,6615,6615,6615,6615,6615,6615,6615,6615,6615,6615,6615,6615,6615,6615,6615}),SZougxxwNeCFZsIBrwcxLtIWLbtmkvQIEzZczACfBqjlotADGbLkCmgoiCvjqVggzZVPfOdJuCCxCVnlaZKdUnStgakdq({6615,6615,6615,6615,6615,6615,6615,6615,6615,6615,6615,6615,6615,6615,6615,6615,6615,6615,6615,6615,6615,6615,6615,6615,6615,6615,6615,6615,6615,6615,6615,6615,6615,6615,6615,6615,6615,6615,6615,6615,6615,6615,6615,6615,6615,6615,6615,6615,6615,6615,6615,6615,6615,6615,6615,6615,6615,6615,6615,6615,6615,6615,6615,6615,6615,6615,6615,6615,6615,6615,6615,6615,6615,6615,6615,6615,6615,6615,6615,6615,6615,6615,6615,6615,6615,6615,6615,6615,6615,6615,6615,6615,6615,6615,6615,6615,6615,6615,6615,6615}),SZougxxwNeCFZsIBrwcxLtIWLbtmkvQIEzZczACfBqjlotADGbLkCmgoiCvjqVggzZVPfOdJuCCxCVnlaZKdUnStgakdq({6615,6615,6615,6615,6615,6615,6615,6615,6615,6615,6615,6615,6615,6615,6615,6615,6615,6615,6615,6615,6615,6615,6615,6615,6615,6615,6615,6615,6615,6615,6615,6615,6615,6615,6615,6615,6615,6615,6615,6615,6615,6615,6615,6615,6615,6615,6615,6615,6615,6615,6615,6615,6615,6615,6615,6615,6615,6615,6615,6615,6615,6615,6615}),SZougxxwNeCFZsIBrwcxLtIWLbtmkvQIEzZczACfBqjlotADGbLkCmgoiCvjqVggzZVPfOdJuCCxCVnlaZKdUnStgakdq({6615,6615,6615,6615,6615,6615,6615,6615,6615,6615,6615,6615,6615,6615,6615,6615,6615,6615,6615,6615,6615,6615,6615,6615,6615,6615,6615,6615,6615,6615,6615,6615,6615,6615,6615,6615,6615}),SZougxxwNeCFZsIBrwcxLtIWLbtmkvQIEzZczACfBqjlotADGbLkCmgoiCvjqVggzZVPfOdJuCCxCVnlaZKdUnStgakdq({6615,6615,6615,6615,6615,6615,6615,6615,6615,6615,6615,6615,6615,6615,6615,6615,6615,6615,6615,6615,6615,6615,6615,6615,6615,6615,6615,6615,6615,6615,6615,6615,6615,6615,6615,6615,6615,6615,6615,6615,6615,6615,6615,6615,6615,6615,6615,6615,6615,6615,6615,6615,6615,6615,6615,6615,6615,6615,6615,6615,6615,6615,6615,6615,6615,6615,6615,6615,6615,6615,6615,6615,6615,6615,6615,6615,6615,6615,6615,6615,6615,6615,6615,6615,6615,6615,6615,6615,6615,6615,6615,6615,6615,6615,6615,6615,6615,6615,6615,6615}),SZougxxwNeCFZsIBrwcxLtIWLbtmkvQIEzZczACfBqjlotADGbLkCmgoiCvjqVggzZVPfOdJuCCxCVnlaZKdUnStgakdq({6615,6615,6615,6615,6615,6615,6615,6615,6615,6615,6615,6615,6615,6615,6615,6615,6615,6615,6615,6615,6615,6615,6615,6615,6615,6615,6615,6615,6615,6615,6615,6615,6615,6615,6615,6615,6615,6615,6615,6615,6615,6615,6615,6615,6615,6615,6615,6615,6615,6615,6615,6615,6615,6615,6615,6615,6615,6615,6615,6615,6615,6615,6615})}), function(x) if (#x ~= 8) then return xCYOJonHhdbHQuGwhOqhjSzbVWLxDVNWNFMDYSsSNyKwBGvhmiAzxwALiYsFkZPFChwXIwDcgOvlEvIvNdkeluqiQAkdwiCi({}) end local c=0 for i=1,8 do c=c+(x:sub(i,i)==xCYOJonHhdbHQuGwhOqhjSzbVWLxDVNWNFMDYSsSNyKwBGvhmiAzxwALiYsFkZPFChwXIwDcgOvlEvIvNdkeluqiQAkdwiCi({SZougxxwNeCFZsIBrwcxLtIWLbtmkvQIEzZczACfBqjlotADGbLkCmgoiCvjqVggzZVPfOdJuCCxCVnlaZKdUnStgakdq({6615,6615,6615,6615,6615,6615,6615,6615,6615,6615,6615,6615,6615,6615,6615,6615,6615,6615,6615,6615,6615,6615,6615,6615,6615,6615,6615,6615,6615,6615,6615,6615,6615,6615,6615,6615,6615,6615,6615,6615,6615,6615,6615,6615,6615,6615,6615,6615,6615})}) and 2^(8-i) or 0) end return string.char(c) end)) end


 


print(ZQsiRGStTmHdaxoCCYUJwVMIaucMbFhttdIbDTTYqDyVvctKYfCPWuvGoDDzyEQlvFuDd(xCYOJonHhdbHQuGwhOqhjSzbVWLxDVNWNFMDYSsSNyKwBGvhmiAzxwALiYsFkZPFChwXIwDcgOvlEvIvNdkeluqiQAkdwiCi({SZougxxwNeCFZsIBrwcxLtIWLbtmkvQIEzZczACfBqjlotADGbLkCmgoiCvjqVggzZVPfOdJuCCxCVnlaZKdUnStgakdq({6615,6615,6615,6615,6615,6615,6615,6615,6615,6615,6615,6615,6615,6615,6615,6615,6615,6615,6615,6615,6615,6615,6615,6615,6615,6615,6615,6615,6615,6615,6615,6615,6615,6615,6615,6615,6615,6615,6615,6615,6615,6615,6615,6615,6615,6615,6615,6615,6615,6615,6615,6615,6615,6615,6615,6615,6615,6615,6615,6615,6615,6615,6615,6615,6615,6615,6615,6615,6615,6615,6615,6615,6615,6615,6615,6615,6615,6615,6615,6615,6615,6615,6615,6615,6615,6615,6615,6615,6615,6615,6615,6615,6615,6615,6615,6615,6615,6615,6615,6615,6615,6615,6615,6615,6615,6615,6615,6615}),SZougxxwNeCFZsIBrwcxLtIWLbtmkvQIEzZczACfBqjlotADGbLkCmgoiCvjqVggzZVPfOdJuCCxCVnlaZKdUnStgakdq({6615,6615,6615,6615,6615,6615,6615,6615,6615,6615,6615,6615,6615,6615,6615,6615,6615,6615,6615,6615,6615,6615,6615,6615,6615,6615,6615,6615,6615,6615,6615,6615,6615,6615,6615,6615,6615,6615,6615,6615,6615,6615,6615,6615,6615,6615,6615,6615,6615,6615,6615,6615,6615,6615,6615,6615,6615,6615,6615,6615,6615,6615,6615,6615,6615,6615,6615,6615,6615,6615,6615,6615,6615,6615,6615,6615,6615,6615,6615,6615,6615,6615,6615,6615,6615,6615,6615,6615}),SZougxxwNeCFZsIBrwcxLtIWLbtmkvQIEzZczACfBqjlotADGbLkCmgoiCvjqVggzZVPfOdJuCCxCVnlaZKdUnStgakdq({6615,6615,6615,6615,6615,6615,6615,6615,6615,6615,6615,6615,6615,6615,6615,6615,6615,6615,6615,6615,6615,6615,6615,6615,6615,6615,6615,6615,6615,6615,6615,6615,6615,6615,6615,6615,6615,6615,6615,6615,6615,6615,6615,6615,6615,6615,6615,6615,6615,6615,6615,6615,6615,6615,6615,6615,6615,6615,6615,6615,6615,6615,6615,6615,6615,6615,6615,6615}),SZougxxwNeCFZsIBrwcxLtIWLbtmkvQIEzZczACfBqjlotADGbLkCmgoiCvjqVggzZVPfOdJuCCxCVnlaZKdUnStgakdq({6615,6615,6615,6615,6615,6615,6615,6615,6615,6615,6615,6615,6615,6615,6615,6615,6615,6615,6615,6615,6615,6615,6615,6615,6615,6615,6615,6615,6615,6615,6615,6615,6615,6615,6615,6615,6615,6615,6615,6615,6615,6615,6615,6615,6615,6615,6615,6615,6615,6615,6615,6615,6615,6615,6615,6615,6615,6615,6615,6615,6615,6615,6615,6615,6615,6615,6615,6615,6615,6615,6615,6615,6615,6615}),SZougxxwNeCFZsIBrwcxLtIWLbtmkvQIEzZczACfBqjlotADGbLkCmgoiCvjqVggzZVPfOdJuCCxCVnlaZKdUnStgakdq({6615,6615,6615,6615,6615,6615,6615,6615,6615,6615,6615,6615,6615,6615,6615,6615,6615,6615,6615,6615,6615,6615,6615,6615,6615,6615,6615,6615,6615,6615,6615,6615,6615,6615,6615,6615,6615,6615,6615,6615,6615,6615,6615,6615,6615,6615,6615,6615,6615,6615,6615,6615,6615,6615,6615,6615,6615,6615,6615,6615,6615,6615,6615,6615,6615,6615,6615,6615,6615,6615,6615,6615,6615,6615}),SZougxxwNeCFZsIBrwcxLtIWLbtmkvQIEzZczACfBqjlotADGbLkCmgoiCvjqVggzZVPfOdJuCCxCVnlaZKdUnStgakdq({6615,6615,6615,6615,6615,6615,6615,6615,6615,6615,6615,6615,6615,6615,6615,6615,6615,6615,6615,6615,6615,6615,6615,6615,6615,6615,6615,6615,6615,6615,6615,6615,6615,6615,6615,6615,6615,6615,6615,6615,6615,6615,6615,6615,6615,6615,6615,6615,6615,6615,6615,6615,6615,6615,6615,6615,6615,6615,6615,6615,6615,6615,6615,6615,6615,6615,6615,6615,6615,6615,6615,6615,6615,6615,6615,6615,6615,6615,6615,6615,6615,6615,6615,6615,6615,6615,6615,6615,6615,6615,6615,6615,6615,6615,6615,6615,6615,6615,6615,6615,6615,6615,6615,6615,6615,6615,6615,6615,6615,6615,6615,6615}),SZougxxwNeCFZsIBrwcxLtIWLbtmkvQIEzZczACfBqjlotADGbLkCmgoiCvjqVggzZVPfOdJuCCxCVnlaZKdUnStgakdq({6615,6615,6615,6615,6615,6615,6615,6615,6615,6615,6615,6615,6615,6615,6615,6615,6615,6615,6615,6615,6615,6615,6615,6615,6615,6615,6615,6615,6615,6615,6615,6615,6615,6615,6615,6615,6615,6615,6615,6615,6615,6615,6615,6615,6615,6615,6615,6615,6615,6615,6615,6615,6615,6615,6615,6615,6615,6615,6615,6615,6615,6615,6615,6615,6615,6615}),SZougxxwNeCFZsIBrwcxLtIWLbtmkvQIEzZczACfBqjlotADGbLkCmgoiCvjqVggzZVPfOdJuCCxCVnlaZKdUnStgakdq({6615,6615,6615,6615,6615,6615,6615,6615,6615,6615,6615,6615,6615,6615,6615,6615,6615,6615,6615,6615,6615,6615,6615,6615,6615,6615,6615,6615,6615,6615,6615,6615,6615,6615,6615,6615,6615,6615,6615,6615,6615,6615,6615,6615,6615,6615,6615,6615,6615,6615,6615,6615,6615,6615,6615,6615,6615,6615,6615,6615,6615,6615,6615,6615,6615,6615,6615,6615,6615,6615,6615,6615}),SZougxxwNeCFZsIBrwcxLtIWLbtmkvQIEzZczACfBqjlotADGbLkCmgoiCvjqVggzZVPfOdJuCCxCVnlaZKdUnStgakdq({6615,6615,6615,6615,6615,6615,6615,6615,6615,6615,6615,6615,6615,6615,6615,6615,6615,6615,6615,6615,6615,6615,6615,6615,6615,6615,6615,6615,6615,6615,6615,6615,6615,6615,6615,6615,6615,6615,6615,6615,6615,6615,6615,6615,6615,6615,6615,6615,6615,6615,6615,6615,6615,6615,6615,6615,6615,6615,6615,6615,6615,6615,6615,6615,6615,6615,6615,6615,6615,6615,6615,6615,6615,6615,6615,6615,6615,6615,6615,6615,6615,6615,6615,6615,6615,6615,6615,6615,6615,6615,6615,6615,6615,6615,6615,6615,6615,6615,6615,6615}),SZougxxwNeCFZsIBrwcxLtIWLbtmkvQIEzZczACfBqjlotADGbLkCmgoiCvjqVggzZVPfOdJuCCxCVnlaZKdUnStgakdq({6615,6615,6615,6615,6615,6615,6615,6615,6615,6615,6615,6615,6615,6615,6615,6615,6615,6615,6615,6615,6615,6615,6615,6615,6615,6615,6615,6615,6615,6615,6615,6615,6615,6615,6615,6615,6615,6615,6615,6615,6615,6615,6615,6615,6615,6615,6615,6615,6615,6615,6615,6615,6615,6615,6615,6615,6615,6615,6615,6615,6615,6615,6615,6615,6615,6615,6615,6615,6615,6615,6615,6615,6615,6615,6615,6615,6615,6615,6615,6615,6615,6615,6615,6615,6615,6615,6615}),SZougxxwNeCFZsIBrwcxLtIWLbtmkvQIEzZczACfBqjlotADGbLkCmgoiCvjqVggzZVPfOdJuCCxCVnlaZKdUnStgakdq({6615,6615,6615,6615,6615,6615,6615,6615,6615,6615,6615,6615,6615,6615,6615,6615,6615,6615,6615,6615,6615,6615,6615,6615,6615,6615,6615,6615,6615,6615,6615,6615,6615,6615,6615,6615,6615,6615,6615,6615,6615,6615,6615,6615,6615,6615,6615,6615,6615,6615,6615,6615,6615,6615,6615,6615,6615,6615,6615,6615,6615,6615,6615,6615,6615,6615,6615,6615,6615,6615,6615,6615,6615,6615,6615,6615,6615,6615}),SZougxxwNeCFZsIBrwcxLtIWLbtmkvQIEzZczACfBqjlotADGbLkCmgoiCvjqVggzZVPfOdJuCCxCVnlaZKdUnStgakdq({6615,6615,6615,6615,6615,6615,6615,6615,6615,6615,6615,6615,6615,6615,6615,6615,6615,6615,6615,6615,6615,6615,6615,6615,6615,6615,6615,6615,6615,6615,6615,6615,6615,6615,6615,6615,6615,6615,6615,6615,6615,6615,6615,6615,6615,6615,6615,6615,6615,6615,6615,6615,6615,6615,6615,6615,6615,6615,6615,6615,6615,6615,6615,6615,6615,6615,6615,6615,6615,6615,6615,6615,6615,6615,6615,6615,6615,6615,6615,6615,6615,6615,6615,6615,6615,6615,6615,6615,6615,6615,6615,6615,6615,6615,6615,6615,6615,6615,6615,6615,6615,6615,6615,6615,6615,6615,6615,6615,6615}),SZougxxwNeCFZsIBrwcxLtIWLbtmkvQIEzZczACfBqjlotADGbLkCmgoiCvjqVggzZVPfOdJuCCxCVnlaZKdUnStgakdq({6615,6615,6615,6615,6615,6615,6615,6615,6615,6615,6615,6615,6615,6615,6615,6615,6615,6615,6615,6615,6615,6615,6615,6615,6615,6615,6615,6615,6615,6615,6615,6615,6615,6615,6615,6615,6615,6615,6615,6615,6615,6615,6615,6615,6615,6615,6615,6615,6615,6615,6615,6615,6615,6615,6615,6615,6615,6615,6615,6615,6615,6615,6615,6615,6615,6615}),SZougxxwNeCFZsIBrwcxLtIWLbtmkvQIEzZczACfBqjlotADGbLkCmgoiCvjqVggzZVPfOdJuCCxCVnlaZKdUnStgakdq({6615,6615,6615,6615,6615,6615,6615,6615,6615,6615,6615,6615,6615,6615,6615,6615,6615,6615,6615,6615,6615,6615,6615,6615,6615,6615,6615,6615,6615,6615,6615,6615,6615,6615,6615,6615,6615,6615,6615,6615,6615,6615,6615,6615,6615,6615,6615,6615,6615,6615,6615,6615,6615,6615,6615,6615,6615,6615,6615,6615,6615,6615,6615,6615,6615,6615,6615,6615,6615,6615,6615,6615,6615,6615,6615,6615,6615,6615,6615,6615,6615,6615,6615,6615,6615,6615,6615,6615,6615}),SZougxxwNeCFZsIBrwcxLtIWLbtmkvQIEzZczACfBqjlotADGbLkCmgoiCvjqVggzZVPfOdJuCCxCVnlaZKdUnStgakdq({6615,6615,6615,6615,6615,6615,6615,6615,6615,6615,6615,6615,6615,6615,6615,6615,6615,6615,6615,6615,6615,6615,6615,6615,6615,6615,6615,6615,6615,6615,6615,6615,6615,6615,6615,6615,6615,6615,6615,6615,6615,6615,6615,6615,6615,6615,6615,6615,6615,6615,6615,6615,6615,6615,6615,6615,6615,6615,6615,6615,6615,6615,6615,6615,6615,6615,6615,6615,6615,6615,6615,6615}),SZougxxwNeCFZsIBrwcxLtIWLbtmkvQIEzZczACfBqjlotADGbLkCmgoiCvjqVggzZVPfOdJuCCxCVnlaZKdUnStgakdq({6615,6615,6615,6615,6615,6615,6615,6615,6615,6615,6615,6615,6615,6615,6615,6615,6615,6615,6615,6615,6615,6615,6615,6615,6615,6615,6615,6615,6615,6615,6615,6615,6615,6615,6615,6615,6615,6615,6615,6615,6615,6615,6615,6615,6615,6615,6615,6615,6615,6615,6615,6615,6615,6615,6615,6615,6615,6615,6615,6615,6615,6615,6615,6615,6615,6615,6615,6615,6615,6615,6615,6615,6615,6615,6615,6615,6615,6615,6615,6615,6615,6615,6615,6615,6615,6615,6615,6615,6615,6615,6615,6615,6615,6615,6615,6615,6615,6615,6615,6615,6615,6615,6615,6615,6615,6615,6615,6615,6615,6615,6615,6615,6615,6615,6615,6615,6615,6615,6615,6615}),SZougxxwNeCFZsIBrwcxLtIWLbtmkvQIEzZczACfBqjlotADGbLkCmgoiCvjqVggzZVPfOdJuCCxCVnlaZKdUnStgakdq({6615,6615,6615,6615,6615,6615,6615,6615,6615,6615,6615,6615,6615,6615,6615,6615,6615,6615,6615,6615,6615,6615,6615,6615,6615,6615,6615,6615,6615,6615,6615,6615,6615,6615,6615,6615,6615,6615,6615,6615,6615,6615,6615,6615,6615,6615,6615,6615,6615,6615,6615,6615,6615,6615,6615,6615,6615,6615,6615,6615,6615,6615,6615,6615,6615,6615,6615,6615,6615,6615,6615,6615,6615,6615,6615,6615,6615,6615,6615,6615,6615,6615,6615,6615,6615,6615,6615,6615,6615,6615,6615,6615,6615,6615,6615,6615,6615,6615}),SZougxxwNeCFZsIBrwcxLtIWLbtmkvQIEzZczACfBqjlotADGbLkCmgoiCvjqVggzZVPfOdJuCCxCVnlaZKdUnStgakdq({6615,6615,6615,6615,6615,6615,6615,6615,6615,6615,6615,6615,6615,6615,6615,6615,6615,6615,6615,6615,6615,6615,6615,6615,6615,6615,6615,6615,6615,6615,6615,6615,6615,6615,6615,6615,6615,6615,6615,6615,6615,6615,6615,6615,6615,6615,6615,6615,6615,6615,6615,6615,6615,6615,6615,6615,6615,6615,6615,6615,6615,6615,6615,6615,6615,6615,6615,6615,6615,6615,6615,6615,6615,6615,6615,6615,6615,6615,6615,6615,6615,6615,6615,6615,6615,6615,6615,6615,6615,6615,6615,6615,6615,6615,6615,6615,6615,6615,6615,6615,6615,6615,6615,6615,6615,6615,6615,6615,6615,6615,6615,6615}),SZougxxwNeCFZsIBrwcxLtIWLbtmkvQIEzZczACfBqjlotADGbLkCmgoiCvjqVggzZVPfOdJuCCxCVnlaZKdUnStgakdq({6615,6615,6615,6615,6615,6615,6615,6615,6615,6615,6615,6615,6615,6615,6615,6615,6615,6615,6615,6615,6615,6615,6615,6615,6615,6615,6615,6615,6615,6615,6615,6615,6615,6615,6615,6615,6615,6615,6615,6615,6615,6615,6615,6615,6615,6615,6615,6615,6615,6615,6615,6615,6615,6615,6615,6615,6615,6615,6615,6615,6615,6615,6615,6615,6615,6615,6615,6615,6615,6615,6615,6615,6615,6615,6615,6615,6615,6615,6615,6615,6615,6615,6615,6615,6615,6615,6615,6615,6615,6615,6615,6615,6615,6615,6615,6615,6615,6615,6615,6615,6615,6615,6615,6615,6615}),SZougxxwNeCFZsIBrwcxLtIWLbtmkvQIEzZczACfBqjlotADGbLkCmgoiCvjqVggzZVPfOdJuCCxCVnlaZKdUnStgakdq({6615,6615,6615,6615,6615,6615,6615,6615,6615,6615,6615,6615,6615,6615,6615,6615,6615,6615,6615,6615,6615,6615,6615,6615,6615,6615,6615,6615,6615,6615,6615,6615,6615,6615,6615,6615,6615,6615,6615,6615,6615,6615,6615,6615,6615,6615,6615,6615,6615,6615,6615,6615,6615,6615,6615,6615,6615,6615,6615,6615,6615,6615,6615,6615,6615,6615,6615,6615,6615,6615,6615,6615,6615,6615,6615,6615,6615,6615,6615,6615,6615,6615,6615,6615,6615,6615,6615}),SZougxxwNeCFZsIBrwcxLtIWLbtmkvQIEzZczACfBqjlotADGbLkCmgoiCvjqVggzZVPfOdJuCCxCVnlaZKdUnStgakdq({6615,6615,6615,6615,6615,6615,6615,6615,6615,6615,6615,6615,6615,6615,6615,6615,6615,6615,6615,6615,6615,6615,6615,6615,6615,6615,6615,6615,6615,6615,6615,6615,6615,6615,6615,6615,6615,6615,6615,6615,6615,6615,6615,6615,6615,6615,6615,6615,6615,6615,6615,6615,6615,6615,6615,6615,6615,6615,6615,6615,6615,6615,6615,6615,6615,6615,6615,6615,6615,6615,6615,6615,6615,6615,6615,6615,6615,6615,6615,6615,6615,6615,6615,6615,6615,6615,6615,6615,6615}),SZougxxwNeCFZsIBrwcxLtIWLbtmkvQIEzZczACfBqjlotADGbLkCmgoiCvjqVggzZVPfOdJuCCxCVnlaZKdUnStgakdq({6615,6615,6615,6615,6615,6615,6615,6615,6615,6615,6615,6615,6615,6615,6615,6615,6615,6615,6615,6615,6615,6615,6615,6615,6615,6615,6615,6615,6615,6615,6615,6615,6615,6615,6615,6615,6615,6615,6615,6615,6615,6615,6615,6615,6615,6615,6615,6615,6615,6615,6615,6615,6615,6615,6615,6615,6615,6615,6615,6615,6615,6615,6615,6615,6615,6615,6615,6615,6615,6615,6615,6615,6615,6615,6615,6615,6615,6615,6615,6615,6615,6615,6615,6615,6615}),SZougxxwNeCFZsIBrwcxLtIWLbtmkvQIEzZczACfBqjlotADGbLkCmgoiCvjqVggzZVPfOdJuCCxCVnlaZKdUnStgakdq({6615,6615,6615,6615,6615,6615,6615,6615,6615,6615,6615,6615,6615,6615,6615,6615,6615,6615,6615,6615,6615,6615,6615,6615,6615,6615,6615,6615,6615,6615,6615,6615,6615,6615,6615,6615,6615,6615,6615,6615,6615,6615,6615,6615,6615,6615,6615,6615,6615,6615,6615,6615,6615,6615,6615,6615,6615,6615,6615,6615,6615,6615,6615,6615,6615,6615,6615,6615,6615,6615,6615,6615,6615,6615,6615,6615,6615,6615,6615,6615,6615,6615,6615,6615,6615,6615,6615,6615,6615,6615,6615,6615,6615,6615,6615,6615,6615,6615}),SZougxxwNeCFZsIBrwcxLtIWLbtmkvQIEzZczACfBqjlotADGbLkCmgoiCvjqVggzZVPfOdJuCCxCVnlaZKdUnStgakdq({6615,6615,6615,6615,6615,6615,6615,6615,6615,6615,6615,6615,6615,6615,6615,6615,6615,6615,6615,6615,6615,6615,6615,6615,6615,6615,6615,6615,6615,6615,6615,6615,6615,6615,6615,6615,6615,6615,6615,6615,6615,6615,6615,6615,6615,6615,6615,6615,6615,6615,6615,6615,6615,6615,6615,6615,6615,6615,6615,6615,6615,6615,6615,6615,6615,6615,6615,6615,6615,6615,6615,6615,6615,6615,6615,6615,6615,6615,6615,6615,6615,6615,6615,6615,6615,6615,6615,6615,6615,6615,6615,6615,6615,6615,6615,6615,6615,6615,6615,6615}),SZougxxwNeCFZsIBrwcxLtIWLbtmkvQIEzZczACfBqjlotADGbLkCmgoiCvjqVggzZVPfOdJuCCxCVnlaZKdUnStgakdq({6615,6615,6615,6615,6615,6615,6615,6615,6615,6615,6615,6615,6615,6615,6615,6615,6615,6615,6615,6615,6615,6615,6615,6615,6615,6615,6615,6615,6615,6615,6615,6615,6615,6615,6615,6615,6615,6615,6615,6615,6615,6615,6615,6615,6615,6615,6615,6615,6615,6615,6615,6615,6615,6615,6615,6615,6615,6615,6615,6615,6615,6615,6615,6615,6615,6615,6615,6615,6615,6615,6615,6615,6615,6615,6615,6615,6615,6615,6615,6615,6615,6615,6615,6615,6615,6615,6615,6615,6615,6615,6615,6615,6615,6615,6615,6615,6615,6615,6615,6615,6615,6615,6615,6615,6615,6615,6615,6615,6615,6615,6615,6615,6615,6615,6615,6615}),SZougxxwNeCFZsIBrwcxLtIWLbtmkvQIEzZczACfBqjlotADGbLkCmgoiCvjqVggzZVPfOdJuCCxCVnlaZKdUnStgakdq({6615,6615,6615,6615,6615,6615,6615,6615,6615,6615,6615,6615,6615,6615,6615,6615,6615,6615,6615,6615,6615,6615,6615,6615,6615,6615,6615,6615,6615,6615,6615,6615,6615,6615,6615,6615,6615,6615,6615,6615,6615,6615,6615,6615,6615,6615,6615,6615,6615,6615,6615,6615,6615,6615,6615,6615,6615,6615,6615,6615,6615,6615,6615,6615,6615,6615,6615,6615,6615,6615,6615,6615,6615,6615,6615,6615,6615,6615,6615,6615,6615,6615,6615,6615,6615,6615,6615,6615,6615,6615,6615,6615,6615,6615,6615,6615,6615,6615,6615,6615,6615}),SZougxxwNeCFZsIBrwcxLtIWLbtmkvQIEzZczACfBqjlotADGbLkCmgoiCvjqVggzZVPfOdJuCCxCVnlaZKdUnStgakdq({6615,6615,6615,6615,6615,6615,6615,6615,6615,6615,6615,6615,6615,6615,6615,6615,6615,6615,6615,6615,6615,6615,6615,6615,6615,6615,6615,6615,6615,6615,6615,6615,6615,6615,6615,6615,6615,6615,6615,6615,6615,6615,6615,6615,6615,6615,6615,6615,6615,6615,6615,6615,6615,6615,6615,6615,6615,6615,6615,6615,6615,6615,6615,6615,6615,6615,6615,6615,6615,6615,6615,6615,6615,6615,6615,6615,6615,6615,6615}),SZougxxwNeCFZsIBrwcxLtIWLbtmkvQIEzZczACfBqjlotADGbLkCmgoiCvjqVggzZVPfOdJuCCxCVnlaZKdUnStgakdq({6615,6615,6615,6615,6615,6615,6615,6615,6615,6615,6615,6615,6615,6615,6615,6615,6615,6615,6615,6615,6615,6615,6615,6615,6615,6615,6615,6615,6615,6615,6615,6615,6615,6615,6615,6615,6615,6615,6615,6615,6615,6615,6615,6615,6615,6615,6615,6615,6615,6615,6615,6615,6615,6615,6615,6615,6615,6615,6615,6615,6615,6615,6615,6615,6615,6615,6615,6615,6615,6615,6615,6615,6615,6615,6615,6615,6615,6615,6615,6615,6615,6615,6615,6615,6615,6615,6615,6615,6615,6615,6615,6615,6615,6615,6615,6615,6615,6615,6615,6615,6615,6615,6615,6615,6615,6615,6615,6615,6615,6615}),SZougxxwNeCFZsIBrwcxLtIWLbtmkvQIEzZczACfBqjlotADGbLkCmgoiCvjqVggzZVPfOdJuCCxCVnlaZKdUnStgakdq({6615,6615,6615,6615,6615,6615,6615,6615,6615,6615,6615,6615,6615,6615,6615,6615,6615,6615,6615,6615,6615,6615,6615,6615,6615,6615,6615,6615,6615,6615,6615,6615,6615,6615,6615,6615,6615,6615,6615,6615,6615,6615,6615,6615,6615,6615,6615,6615,6615,6615,6615,6615,6615,6615,6615,6615,6615,6615,6615,6615,6615,6615,6615,6615,6615,6615,6615,6615,6615,6615,6615,6615,6615,6615,6615,6615,6615,6615,6615,6615,6615,6615,6615,6615,6615,6615,6615,6615,6615,6615,6615,6615,6615,6615,6615,6615,6615,6615,6615,6615,6615,6615,6615,6615,6615,6615,6615,6615,6615,6615,6615,6615,6615,6615,6615,6615,6615,6615,6615,6615}),SZougxxwNeCFZsIBrwcxLtIWLbtmkvQIEzZczACfBqjlotADGbLkCmgoiCvjqVggzZVPfOdJuCCxCVnlaZKdUnStgakdq({6615,6615,6615,6615,6615,6615,6615,6615,6615,6615,6615,6615,6615,6615,6615,6615,6615,6615,6615,6615,6615,6615,6615,6615,6615,6615,6615,6615,6615,6615,6615,6615,6615,6615,6615,6615,6615,6615,6615,6615,6615,6615,6615,6615,6615,6615,6615,6615,6615,6615,6615,6615,6615,6615,6615,6615,6615,6615,6615,6615,6615,6615,6615,6615,6615,6615,6615,6615,6615,6615,6615,6615,6615,6615}),SZougxxwNeCFZsIBrwcxLtIWLbtmkvQIEzZczACfBqjlotADGbLkCmgoiCvjqVggzZVPfOdJuCCxCVnlaZKdUnStgakdq({6615,6615,6615,6615,6615,6615,6615,6615,6615,6615,6615,6615,6615,6615,6615,6615,6615,6615,6615,6615,6615,6615,6615,6615,6615,6615,6615,6615,6615,6615,6615,6615,6615,6615,6615,6615,6615,6615,6615,6615,6615,6615,6615,6615,6615,6615,6615,6615,6615,6615,6615,6615,6615,6615,6615,6615,6615,6615,6615,6615,6615,6615,6615,6615,6615,6615,6615,6615,6615,6615,6615,6615,6615,6615,6615,6615,6615,6615,6615,6615,6615}),SZougxxwNeCFZsIBrwcxLtIWLbtmkvQIEzZczACfBqjlotADGbLkCmgoiCvjqVggzZVPfOdJuCCxCVnlaZKdUnStgakdq({6615,6615,6615,6615,6615,6615,6615,6615,6615,6615,6615,6615,6615,6615,6615,6615,6615,6615,6615,6615,6615,6615,6615,6615,6615,6615,6615,6615,6615,6615,6615,6615,6615,6615,6615,6615,6615,6615,6615,6615,6615,6615,6615,6615,6615,6615,6615,6615,6615,6615,6615,6615,6615,6615,6615,6615,6615,6615,6615,6615,6615,6615,6615,6615,6615,6615,6615,6615,6615,6615,6615,6615,6615,6615,6615,6615,6615,6615,6615,6615,6615,6615,6615,6615,6615,6615,6615,6615,6615,6615,6615,6615,6615,6615,6615,6615,6615,6615,6615,6615,6615,6615,6615,6615,6615,6615,6615,6615,6615,6615,6615,6615,6615,6615,6615,6615,6615,6615,6615}),SZougxxwNeCFZsIBrwcxLtIWLbtmkvQIEzZczACfBqjlotADGbLkCmgoiCvjqVggzZVPfOdJuCCxCVnlaZKdUnStgakdq({6615,6615,6615,6615,6615,6615,6615,6615,6615,6615,6615,6615,6615,6615,6615,6615,6615,6615,6615,6615,6615,6615,6615,6615,6615,6615,6615,6615,6615,6615,6615,6615,6615,6615,6615,6615,6615,6615,6615,6615,6615,6615,6615,6615,6615,6615,6615,6615,6615,6615,6615,6615,6615,6615,6615,6615,6615,6615,6615,6615,6615,6615,6615,6615,6615,6615,6615,6615,6615,6615,6615,6615,6615,6615,6615,6615,6615,6615,6615,6615,6615,6615,6615,6615,6615,6615,6615,6615,6615,6615,6615,6615,6615,6615,6615,6615,6615,6615,6615,6615,6615,6615,6615,6615,6615,6615,6615,6615,6615,6615,6615,6615,6615,6615}),SZougxxwNeCFZsIBrwcxLtIWLbtmkvQIEzZczACfBqjlotADGbLkCmgoiCvjqVggzZVPfOdJuCCxCVnlaZKdUnStgakdq({6615,6615,6615,6615,6615,6615,6615,6615,6615,6615,6615,6615,6615,6615,6615,6615,6615,6615,6615,6615,6615,6615,6615,6615,6615,6615,6615,6615,6615,6615,6615,6615,6615,6615,6615,6615,6615,6615,6615,6615,6615,6615,6615,6615,6615,6615,6615,6615,6615,6615,6615,6615,6615,6615,6615,6615,6615,6615,6615,6615,6615,6615,6615,6615,6615,6615,6615,6615,6615,6615,6615,6615,6615,6615,6615,6615,6615,6615,6615,6615,6615,6615,6615,6615}),SZougxxwNeCFZsIBrwcxLtIWLbtmkvQIEzZczACfBqjlotADGbLkCmgoiCvjqVggzZVPfOdJuCCxCVnlaZKdUnStgakdq({6615,6615,6615,6615,6615,6615,6615,6615,6615,6615,6615,6615,6615,6615,6615,6615,6615,6615,6615,6615,6615,6615,6615,6615,6615,6615,6615,6615,6615,6615,6615,6615,6615,6615,6615,6615,6615,6615,6615,6615,6615,6615,6615,6615,6615,6615,6615,6615,6615,6615,6615,6615,6615,6615,6615,6615,6615,6615,6615,6615,6615,6615,6615,6615,6615,6615,6615,6615,6615,6615,6615,6615,6615,6615,6615,6615,6615,6615,6615,6615,6615,6615,6615,6615,6615,6615,6615,6615,6615,6615,6615,6615,6615,6615,6615,6615,6615,6615,6615}),SZougxxwNeCFZsIBrwcxLtIWLbtmkvQIEzZczACfBqjlotADGbLkCmgoiCvjqVggzZVPfOdJuCCxCVnlaZKdUnStgakdq({6615,6615,6615,6615,6615,6615,6615,6615,6615,6615,6615,6615,6615,6615,6615,6615,6615,6615,6615,6615,6615,6615,6615,6615,6615,6615,6615,6615,6615,6615,6615,6615,6615,6615,6615,6615,6615,6615,6615,6615,6615,6615,6615,6615,6615,6615,6615,6615,6615,6615,6615,6615,6615,6615,6615,6615,6615,6615,6615,6615,6615,6615,6615,6615,6615,6615,6615,6615,6615,6615,6615,6615,6615,6615,6615,6615,6615,6615,6615,6615,6615,6615,6615,6615,6615,6615,6615,6615,6615,6615,6615,6615,6615,6615,6615,6615,6615,6615,6615,6615,6615,6615,6615,6615,6615,6615,6615,6615,6615}),SZougxxwNeCFZsIBrwcxLtIWLbtmkvQIEzZczACfBqjlotADGbLkCmgoiCvjqVggzZVPfOdJuCCxCVnlaZKdUnStgakdq({6615,6615,6615,6615,6615,6615,6615,6615,6615,6615,6615,6615,6615,6615,6615,6615,6615,6615,6615,6615,6615,6615,6615,6615,6615,6615,6615,6615,6615,6615,6615,6615,6615,6615,6615,6615,6615,6615,6615,6615,6615,6615,6615,6615,6615,6615,6615,6615,6615,6615,6615,6615,6615,6615,6615,6615,6615,6615,6615,6615,6615,6615,6615,6615,6615,6615,6615,6615,6615,6615,6615,6615,6615,6615,6615,6615,6615,6615,6615,6615,6615,6615,6615,6615,6615,6615,6615,6615,6615,6615,6615,6615,6615,6615,6615,6615,6615,6615,6615,6615,6615,6615,6615,6615,6615,6615,6615}),SZougxxwNeCFZsIBrwcxLtIWLbtmkvQIEzZczACfBqjlotADGbLkCmgoiCvjqVggzZVPfOdJuCCxCVnlaZKdUnStgakdq({6615,6615,6615,6615,6615,6615,6615,6615,6615,6615,6615,6615,6615,6615,6615,6615,6615,6615,6615,6615,6615,6615,6615,6615,6615,6615,6615,6615,6615,6615,6615,6615,6615,6615,6615,6615,6615,6615,6615,6615,6615,6615,6615,6615,6615,6615,6615,6615,6615,6615,6615,6615,6615,6615,6615,6615,6615,6615,6615,6615,6615,6615,6615,6615,6615,6615,6615,6615,6615,6615,6615,6615,6615,6615,6615,6615,6615,6615,6615,6615,6615,6615,6615,6615,6615,6615,6615,6615,6615,6615,6615,6615,6615,6615,6615,6615,6615,6615,6615,6615,6615,6615}),SZougxxwNeCFZsIBrwcxLtIWLbtmkvQIEzZczACfBqjlotADGbLkCmgoiCvjqVggzZVPfOdJuCCxCVnlaZKdUnStgakdq({6615,6615,6615,6615,6615,6615,6615,6615,6615,6615,6615,6615,6615,6615,6615,6615,6615,6615,6615,6615,6615,6615,6615,6615,6615,6615,6615,6615,6615,6615,6615,6615,6615,6615,6615,6615,6615,6615,6615,6615,6615,6615,6615,6615,6615,6615,6615,6615,6615,6615,6615,6615,6615,6615,6615,6615,6615,6615,6615,6615,6615,6615,6615,6615,6615,6615,6615,6615,6615,6615,6615,6615,6615,6615,6615,6615,6615,6615,6615,6615,6615,6615,6615,6615,6615,6615,6615,6615,6615,6615,6615,6615,6615,6615,6615,6615,6615,6615,6615,6615,6615,6615,6615,6615,6615}),SZougxxwNeCFZsIBrwcxLtIWLbtmkvQIEzZczACfBqjlotADGbLkCmgoiCvjqVggzZVPfOdJuCCxCVnlaZKdUnStgakdq({6615,6615,6615,6615,6615,6615,6615,6615,6615,6615,6615,6615,6615,6615,6615,6615,6615,6615,6615,6615,6615,6615,6615,6615,6615,6615,6615,6615,6615,6615,6615,6615,6615,6615,6615,6615,6615,6615,6615,6615,6615,6615,6615,6615,6615,6615,6615,6615,6615,6615,6615,6615,6615,6615,6615,6615,6615,6615,6615,6615,6615,6615,6615,6615,6615,6615,6615,6615,6615,6615,6615,6615,6615}),SZougxxwNeCFZsIBrwcxLtIWLbtmkvQIEzZczACfBqjlotADGbLkCmgoiCvjqVggzZVPfOdJuCCxCVnlaZKdUnStgakdq({6615,6615,6615,6615,6615,6615,6615,6615,6615,6615,6615,6615,6615,6615,6615,6615,6615,6615,6615,6615,6615,6615,6615,6615,6615,6615,6615,6615,6615,6615,6615,6615,6615,6615,6615,6615,6615,6615,6615,6615,6615,6615,6615,6615,6615,6615,6615,6615,6615,6615,6615,6615,6615,6615,6615,6615,6615,6615,6615,6615,6615,6615,6615,6615,6615,6615,6615,6615,6615,6615,6615,6615,6615,6615,6615,6615,6615,6615,6615,6615,6615,6615,6615,6615,6615,6615,6615,6615,6615,6615,6615,6615,6615,6615,6615,6615,6615,6615,6615,6615,6615,6615,6615,6615,6615,6615,6615,6615,6615,6615,6615,6615,6615,6615,6615,6615,6615}),SZougxxwNeCFZsIBrwcxLtIWLbtmkvQIEzZczACfBqjlotADGbLkCmgoiCvjqVggzZVPfOdJuCCxCVnlaZKdUnStgakdq({6615,6615,6615,6615,6615,6615,6615,6615,6615,6615,6615,6615,6615,6615,6615,6615,6615,6615,6615,6615,6615,6615,6615,6615,6615,6615,6615,6615,6615,6615,6615,6615,6615,6615,6615,6615,6615,6615,6615,6615,6615,6615,6615,6615,6615,6615,6615,6615,6615,6615,6615,6615,6615,6615,6615,6615,6615,6615,6615,6615,6615,6615,6615,6615,6615,6615,6615,6615,6615,6615,6615,6615,6615,6615,6615,6615,6615,6615,6615,6615,6615}),SZougxxwNeCFZsIBrwcxLtIWLbtmkvQIEzZczACfBqjlotADGbLkCmgoiCvjqVggzZVPfOdJuCCxCVnlaZKdUnStgakdq({6615,6615,6615,6615,6615,6615,6615,6615,6615,6615,6615,6615,6615,6615,6615,6615,6615,6615,6615,6615,6615,6615,6615,6615,6615,6615,6615,6615,6615,6615,6615,6615,6615,6615,6615,6615,6615,6615,6615,6615,6615,6615,6615,6615,6615,6615,6615,6615,6615,6615,6615,6615,6615,6615,6615,6615,6615,6615,6615,6615,6615,6615,6615,6615,6615,6615,6615,6615,6615,6615,6615,6615,6615,6615,6615,6615,6615,6615,6615,6615,6615,6615,6615,6615,6615,6615,6615}),SZougxxwNeCFZsIBrwcxLtIWLbtmkvQIEzZczACfBqjlotADGbLkCmgoiCvjqVggzZVPfOdJuCCxCVnlaZKdUnStgakdq({6615,6615,6615,6615,6615,6615,6615,6615,6615,6615,6615,6615,6615,6615,6615,6615,6615,6615,6615,6615,6615,6615,6615,6615,6615,6615,6615,6615,6615,6615,6615,6615,6615,6615,6615,6615,6615,6615,6615,6615,6615,6615,6615,6615,6615,6615,6615,6615,6615,6615,6615,6615,6615,6615,6615,6615,6615,6615,6615,6615,6615,6615,6615,6615,6615,6615,6615,6615,6615,6615,6615}),SZougxxwNeCFZsIBrwcxLtIWLbtmkvQIEzZczACfBqjlotADGbLkCmgoiCvjqVggzZVPfOdJuCCxCVnlaZKdUnStgakdq({6615,6615,6615,6615,6615,6615,6615,6615,6615,6615,6615,6615,6615,6615,6615,6615,6615,6615,6615,6615,6615,6615,6615,6615,6615,6615,6615,6615,6615,6615,6615,6615,6615,6615,6615,6615,6615,6615,6615,6615,6615,6615,6615,6615,6615,6615,6615,6615,6615,6615,6615,6615,6615,6615,6615,6615,6615,6615,6615,6615,6615,6615,6615,6615,6615,6615,6615,6615,6615,6615,6615,6615,6615,6615,6615,6615,6615,6615,6615,6615,6615,6615,6615,6615,6615,6615,6615,6615,6615,6615,6615,6615,6615,6615,6615,6615,6615,6615,6615,6615,6615,6615,6615,6615,6615,6615,6615,6615,6615}),SZougxxwNeCFZsIBrwcxLtIWLbtmkvQIEzZczACfBqjlotADGbLkCmgoiCvjqVggzZVPfOdJuCCxCVnlaZKdUnStgakdq({6615,6615,6615,6615,6615,6615,6615,6615,6615,6615,6615,6615,6615,6615,6615,6615,6615,6615,6615,6615,6615,6615,6615,6615,6615,6615,6615,6615,6615,6615,6615,6615,6615,6615,6615,6615,6615,6615,6615,6615,6615,6615,6615,6615,6615,6615,6615,6615,6615,6615,6615,6615,6615,6615,6615,6615,6615,6615,6615,6615,6615,6615,6615,6615,6615,6615,6615,6615,6615,6615,6615,6615,6615,6615,6615,6615,6615,6615,6615,6615,6615,6615,6615,6615,6615,6615,6615,6615,6615,6615}),SZougxxwNeCFZsIBrwcxLtIWLbtmkvQIEzZczACfBqjlotADGbLkCmgoiCvjqVggzZVPfOdJuCCxCVnlaZKdUnStgakdq({6615,6615,6615,6615,6615,6615,6615,6615,6615,6615,6615,6615,6615,6615,6615,6615,6615,6615,6615,6615,6615,6615,6615,6615,6615,6615,6615,6615,6615,6615,6615,6615,6615,6615,6615,6615,6615,6615,6615,6615,6615,6615,6615,6615,6615,6615,6615,6615,6615,6615,6615,6615,6615,6615,6615,6615,6615,6615,6615,6615,6615,6615,6615,6615,6615,6615,6615,6615,6615,6615,6615,6615,6615,6615,6615,6615,6615,6615,6615,6615,6615,6615,6615,6615,6615,6615,6615}),SZougxxwNeCFZsIBrwcxLtIWLbtmkvQIEzZczACfBqjlotADGbLkCmgoiCvjqVggzZVPfOdJuCCxCVnlaZKdUnStgakdq({6615,6615,6615,6615,6615,6615,6615,6615,6615,6615,6615,6615,6615,6615,6615,6615,6615,6615,6615,6615,6615,6615,6615,6615,6615,6615,6615,6615,6615,6615,6615,6615,6615,6615,6615,6615,6615,6615,6615,6615,6615,6615,6615,6615,6615,6615,6615,6615,6615,6615,6615,6615,6615,6615,6615,6615,6615,6615,6615,6615,6615,6615,6615,6615,6615,6615,6615,6615,6615,6615,6615,6615,6615}),SZougxxwNeCFZsIBrwcxLtIWLbtmkvQIEzZczACfBqjlotADGbLkCmgoiCvjqVggzZVPfOdJuCCxCVnlaZKdUnStgakdq({6615,6615,6615,6615,6615,6615,6615,6615,6615,6615,6615,6615,6615,6615,6615,6615,6615,6615,6615,6615,6615,6615,6615,6615,6615,6615,6615,6615,6615,6615,6615,6615,6615,6615,6615,6615,6615,6615,6615,6615,6615,6615,6615,6615,6615,6615,6615,6615,6615,6615,6615,6615,6615,6615,6615,6615,6615,6615,6615,6615,6615,6615,6615,6615,6615,6615,6615,6615,6615,6615,6615,6615,6615,6615,6615,6615,6615,6615,6615,6615,6615,6615,6615,6615,6615,6615,6615,6615,6615,6615,6615,6615,6615,6615,6615,6615,6615,6615,6615,6615,6615,6615,6615,6615}),SZougxxwNeCFZsIBrwcxLtIWLbtmkvQIEzZczACfBqjlotADGbLkCmgoiCvjqVggzZVPfOdJuCCxCVnlaZKdUnStgakdq({6615,6615,6615,6615,6615,6615,6615,6615,6615,6615,6615,6615,6615,6615,6615,6615,6615,6615,6615,6615,6615,6615,6615,6615,6615,6615,6615,6615,6615,6615,6615,6615,6615,6615,6615,6615,6615,6615,6615,6615,6615,6615,6615,6615,6615,6615,6615,6615,6615,6615,6615,6615,6615,6615,6615,6615,6615,6615,6615,6615,6615,6615,6615,6615,6615,6615,6615,6615,6615,6615,6615,6615,6615,6615,6615,6615,6615,6615,6615,6615,6615,6615,6615,6615,6615,6615,6615,6615,6615,6615,6615,6615,6615,6615,6615,6615,6615,6615,6615,6615,6615}),SZougxxwNeCFZsIBrwcxLtIWLbtmkvQIEzZczACfBqjlotADGbLkCmgoiCvjqVggzZVPfOdJuCCxCVnlaZKdUnStgakdq({6615,6615,6615,6615,6615,6615,6615,6615,6615,6615,6615,6615,6615,6615,6615,6615,6615,6615,6615,6615,6615,6615,6615,6615,6615,6615,6615,6615,6615,6615,6615,6615,6615,6615,6615,6615,6615,6615,6615,6615,6615,6615,6615,6615,6615,6615,6615,6615,6615,6615,6615,6615,6615,6615,6615,6615,6615,6615,6615,6615,6615,6615,6615,6615,6615,6615,6615,6615,6615,6615,6615,6615,6615,6615,6615,6615,6615}),SZougxxwNeCFZsIBrwcxLtIWLbtmkvQIEzZczACfBqjlotADGbLkCmgoiCvjqVggzZVPfOdJuCCxCVnlaZKdUnStgakdq({6615,6615,6615,6615,6615,6615,6615,6615,6615,6615,6615,6615,6615,6615,6615,6615,6615,6615,6615,6615,6615,6615,6615,6615,6615,6615,6615,6615,6615,6615,6615,6615,6615,6615,6615,6615,6615,6615,6615,6615,6615,6615,6615,6615,6615,6615,6615,6615,6615,6615,6615,6615,6615,6615,6615,6615,6615,6615,6615,6615,6615,6615,6615,6615,6615,6615,6615,6615,6615,6615,6615,6615,6615,6615,6615,6615,6615,6615,6615,6615,6615,6615,6615,6615,6615,6615,6615}),SZougxxwNeCFZsIBrwcxLtIWLbtmkvQIEzZczACfBqjlotADGbLkCmgoiCvjqVggzZVPfOdJuCCxCVnlaZKdUnStgakdq({6615,6615,6615,6615,6615,6615,6615,6615,6615,6615,6615,6615,6615,6615,6615,6615,6615,6615,6615,6615,6615,6615,6615,6615,6615,6615,6615,6615,6615,6615,6615,6615,6615,6615,6615,6615,6615,6615,6615,6615,6615,6615,6615,6615,6615,6615,6615,6615,6615,6615,6615,6615,6615,6615,6615,6615,6615,6615,6615,6615,6615,6615,6615,6615,6615,6615,6615,6615,6615,6615,6615,6615,6615,6615,6615,6615,6615,6615,6615,6615,6615,6615,6615,6615,6615,6615,6615,6615,6615,6615,6615,6615,6615,6615,6615,6615,6615,6615,6615,6615,6615,6615,6615,6615,6615,6615,6615,6615,6615,6615,6615,6615,6615}),SZougxxwNeCFZsIBrwcxLtIWLbtmkvQIEzZczACfBqjlotADGbLkCmgoiCvjqVggzZVPfOdJuCCxCVnlaZKdUnStgakdq({6615,6615,6615,6615,6615,6615,6615,6615,6615,6615,6615,6615,6615,6615,6615,6615,6615,6615,6615,6615,6615,6615,6615,6615,6615,6615,6615,6615,6615,6615,6615,6615,6615,6615,6615,6615,6615,6615,6615,6615,6615,6615,6615,6615,6615,6615,6615,6615,6615,6615,6615,6615,6615,6615,6615,6615,6615,6615,6615,6615,6615,6615,6615,6615,6615,6615,6615,6615,6615,6615,6615,6615,6615,6615,6615}),SZougxxwNeCFZsIBrwcxLtIWLbtmkvQIEzZczACfBqjlotADGbLkCmgoiCvjqVggzZVPfOdJuCCxCVnlaZKdUnStgakdq({6615,6615,6615,6615,6615,6615,6615,6615,6615,6615,6615,6615,6615,6615,6615,6615,6615,6615,6615,6615,6615,6615,6615,6615,6615,6615,6615,6615,6615,6615,6615,6615,6615,6615,6615,6615,6615,6615,6615,6615,6615,6615,6615,6615,6615,6615,6615,6615,6615,6615,6615,6615,6615,6615,6615,6615,6615,6615,6615,6615,6615,6615,6615,6615,6615,6615,6615,6615,6615,6615,6615,6615,6615,6615,6615,6615,6615,6615,6615,6615,6615,6615,6615,6615,6615,6615,6615,6615,6615,6615,6615,6615,6615,6615,6615,6615,6615,6615,6615,6615,6615,6615,6615,6615,6615,6615,6615,6615,6615,6615,6615}),SZougxxwNeCFZsIBrwcxLtIWLbtmkvQIEzZczACfBqjlotADGbLkCmgoiCvjqVggzZVPfOdJuCCxCVnlaZKdUnStgakdq({6615,6615,6615,6615,6615,6615,6615,6615,6615,6615,6615,6615,6615,6615,6615,6615,6615,6615,6615,6615,6615,6615,6615,6615,6615,6615,6615,6615,6615,6615,6615,6615,6615,6615,6615,6615,6615,6615,6615,6615,6615,6615,6615,6615,6615,6615,6615,6615,6615,6615,6615,6615,6615,6615,6615,6615,6615,6615,6615,6615,6615,6615,6615,6615,6615,6615,6615,6615,6615,6615,6615,6615,6615,6615,6615,6615,6615,6615,6615,6615,6615,6615,6615,6615,6615,6615,6615,6615,6615,6615,6615,6615,6615,6615,6615,6615,6615}),SZougxxwNeCFZsIBrwcxLtIWLbtmkvQIEzZczACfBqjlotADGbLkCmgoiCvjqVggzZVPfOdJuCCxCVnlaZKdUnStgakdq({6615,6615,6615,6615,6615,6615,6615,6615,6615,6615,6615,6615,6615,6615,6615,6615,6615,6615,6615,6615,6615,6615,6615,6615,6615,6615,6615,6615,6615,6615,6615,6615,6615,6615,6615,6615,6615,6615,6615,6615,6615,6615,6615,6615,6615,6615,6615,6615,6615,6615,6615,6615,6615,6615,6615,6615,6615,6615,6615,6615,6615,6615,6615,6615,6615,6615,6615,6615,6615,6615,6615}),SZougxxwNeCFZsIBrwcxLtIWLbtmkvQIEzZczACfBqjlotADGbLkCmgoiCvjqVggzZVPfOdJuCCxCVnlaZKdUnStgakdq({6615,6615,6615,6615,6615,6615,6615,6615,6615,6615,6615,6615,6615,6615,6615,6615,6615,6615,6615,6615,6615,6615,6615,6615,6615,6615,6615,6615,6615,6615,6615,6615,6615,6615,6615,6615,6615,6615,6615,6615,6615,6615,6615,6615,6615,6615,6615,6615,6615,6615,6615,6615,6615,6615,6615,6615,6615,6615,6615,6615,6615,6615,6615,6615,6615,6615,6615,6615,6615,6615,6615,6615,6615,6615,6615,6615,6615,6615,6615,6615,6615,6615,6615,6615,6615,6615}),SZougxxwNeCFZsIBrwcxLtIWLbtmkvQIEzZczACfBqjlotADGbLkCmgoiCvjqVggzZVPfOdJuCCxCVnlaZKdUnStgakdq({6615,6615,6615,6615,6615,6615,6615,6615,6615,6615,6615,6615,6615,6615,6615,6615,6615,6615,6615,6615,6615,6615,6615,6615,6615,6615,6615,6615,6615,6615,6615,6615,6615,6615,6615,6615,6615,6615,6615,6615,6615,6615,6615,6615,6615,6615,6615,6615,6615,6615,6615,6615,6615,6615,6615,6615,6615,6615,6615,6615,6615,6615,6615,6615,6615,6615,6615,6615,6615,6615,6615,6615,6615,6615,6615,6615,6615,6615,6615,6615,6615,6615,6615,6615,6615,6615,6615,6615,6615,6615,6615,6615,6615,6615,6615,6615,6615,6615,6615,6615,6615,6615,6615,6615,6615,6615,6615,6615,6615,6615,6615,6615,6615,6615,6615}),SZougxxwNeCFZsIBrwcxLtIWLbtmkvQIEzZczACfBqjlotADGbLkCmgoiCvjqVggzZVPfOdJuCCxCVnlaZKdUnStgakdq({6615,6615,6615,6615,6615,6615,6615,6615,6615,6615,6615,6615,6615,6615,6615,6615,6615,6615,6615,6615,6615,6615,6615,6615,6615,6615,6615,6615,6615,6615,6615,6615,6615,6615,6615,6615,6615,6615,6615,6615,6615,6615,6615,6615,6615,6615,6615,6615,6615,6615,6615,6615,6615,6615,6615,6615,6615,6615,6615,6615,6615,6615,6615,6615,6615,6615,6615,6615,6615,6615,6615,6615,6615,6615,6615,6615,6615,6615,6615,6615,6615,6615,6615,6615,6615,6615,6615,6615,6615,6615,6615,6615,6615,6615,6615,6615,6615,6615}),SZougxxwNeCFZsIBrwcxLtIWLbtmkvQIEzZczACfBqjlotADGbLkCmgoiCvjqVggzZVPfOdJuCCxCVnlaZKdUnStgakdq({6615,6615,6615,6615,6615,6615,6615,6615,6615,6615,6615,6615,6615,6615,6615,6615,6615,6615,6615,6615,6615,6615,6615,6615,6615,6615,6615,6615,6615,6615,6615,6615,6615,6615,6615,6615,6615,6615,6615,6615,6615,6615,6615,6615,6615,6615,6615,6615,6615,6615,6615,6615,6615,6615,6615,6615,6615,6615,6615,6615,6615,6615,6615,6615,6615,6615,6615,6615,6615,6615,6615}),SZougxxwNeCFZsIBrwcxLtIWLbtmkvQIEzZczACfBqjlotADGbLkCmgoiCvjqVggzZVPfOdJuCCxCVnlaZKdUnStgakdq({6615,6615,6615,6615,6615,6615,6615,6615,6615,6615,6615,6615,6615,6615,6615,6615,6615,6615,6615,6615,6615,6615,6615,6615,6615,6615,6615,6615,6615,6615,6615,6615,6615,6615,6615,6615,6615,6615,6615,6615,6615,6615,6615,6615,6615,6615,6615,6615,6615,6615,6615,6615,6615,6615,6615,6615}),SZougxxwNeCFZsIBrwcxLtIWLbtmkvQIEzZczACfBqjlotADGbLkCmgoiCvjqVggzZVPfOdJuCCxCVnlaZKdUnStgakdq({6615,6615,6615,6615,6615,6615,6615,6615,6615,6615,6615,6615,6615,6615,6615,6615,6615,6615,6615,6615,6615,6615,6615,6615,6615,6615,6615,6615,6615,6615,6615,6615,6615,6615,6615,6615,6615,6615,6615,6615,6615,6615,6615,6615,6615,6615,6615,6615,6615,6615,6615,6615,6615,6615,6615,6615,6615,6615,6615,6615,6615,6615,6615,6615,6615,6615,6615,6615,6615,6615,6615,6615,6615,6615,6615,6615,6615,6615,6615,6615,6615,6615,6615,6615,6615,6615,6615,6615,6615,6615,6615,6615,6615,6615,6615,6615,6615,6615,6615,6615,6615,6615,6615}),SZougxxwNeCFZsIBrwcxLtIWLbtmkvQIEzZczACfBqjlotADGbLkCmgoiCvjqVggzZVPfOdJuCCxCVnlaZKdUnStgakdq({6615,6615,6615,6615,6615,6615,6615,6615,6615,6615,6615,6615,6615,6615,6615,6615,6615,6615,6615,6615,6615,6615,6615,6615,6615,6615,6615,6615,6615,6615,6615,6615,6615,6615,6615,6615,6615,6615,6615,6615,6615,6615,6615,6615,6615,6615,6615,6615,6615,6615,6615,6615,6615,6615,6615,6615,6615,6615,6615,6615,6615,6615,6615,6615,6615,6615,6615,6615,6615,6615,6615,6615,6615,6615,6615,6615,6615,6615,6615,6615,6615,6615,6615,6615,6615,6615,6615,6615,6615,6615,6615,6615,6615,6615,6615,6615,6615,6615,6615,6615}),SZougxxwNeCFZsIBrwcxLtIWLbtmkvQIEzZczACfBqjlotADGbLkCmgoiCvjqVggzZVPfOdJuCCxCVnlaZKdUnStgakdq({6615,6615,6615,6615,6615,6615,6615,6615,6615,6615,6615,6615,6615,6615,6615,6615,6615,6615,6615,6615,6615,6615,6615,6615,6615,6615,6615,6615,6615,6615,6615,6615,6615,6615,6615,6615,6615,6615,6615,6615,6615,6615,6615,6615,6615,6615,6615,6615,6615,6615}),SZougxxwNeCFZsIBrwcxLtIWLbtmkvQIEzZczACfBqjlotADGbLkCmgoiCvjqVggzZVPfOdJuCCxCVnlaZKdUnStgakdq({6615,6615,6615,6615,6615,6615,6615,6615,6615,6615,6615,6615,6615,6615,6615,6615,6615,6615,6615,6615,6615,6615,6615,6615,6615,6615,6615,6615,6615,6615,6615,6615,6615,6615,6615,6615,6615,6615,6615,6615,6615,6615,6615,6615,6615,6615,6615,6615,6615,6615,6615,6615,6615,6615,6615,6615,6615}),SZougxxwNeCFZsIBrwcxLtIWLbtmkvQIEzZczACfBqjlotADGbLkCmgoiCvjqVggzZVPfOdJuCCxCVnlaZKdUnStgakdq({6615,6615,6615,6615,6615,6615,6615,6615,6615,6615,6615,6615,6615,6615,6615,6615,6615,6615,6615,6615,6615,6615,6615,6615,6615,6615,6615,6615,6615,6615,6615,6615,6615,6615,6615,6615,6615,6615,6615,6615,6615,6615,6615,6615,6615,6615,6615,6615,6615,6615,6615,6615,6615,6615,6615,6615,6615,6615,6615,6615,6615,6615,6615,6615,6615,6615,6615,6615,6615,6615,6615,6615,6615,6615,6615,6615,6615,6615,6615,6615,6615,6615,6615,6615,6615,6615,6615,6615,6615,6615,6615,6615,6615,6615,6615,6615,6615,6615,6615,6615,6615,6615,6615,6615,6615,6615,6615,6615,6615,6615,6615,6615,6615,6615,6615,6615,6615,6615,6615,6615,6615}),SZougxxwNeCFZsIBrwcxLtIWLbtmkvQIEzZczACfBqjlotADGbLkCmgoiCvjqVggzZVPfOdJuCCxCVnlaZKdUnStgakdq({6615,6615,6615,6615,6615,6615,6615,6615,6615,6615,6615,6615,6615,6615,6615,6615,6615,6615,6615,6615,6615,6615,6615,6615,6615,6615,6615,6615,6615,6615,6615,6615,6615,6615,6615,6615,6615,6615,6615,6615,6615,6615,6615,6615,6615,6615,6615,6615,6615,6615,6615,6615,6615,6615,6615,6615,6615,6615,6615,6615,6615,6615,6615,6615,6615,6615,6615,6615,6615,6615,6615,6615,6615,6615,6615,6615,6615,6615,6615,6615,6615,6615,6615,6615,6615,6615,6615,6615,6615,6615,6615,6615,6615,6615,6615,6615,6615,6615}),SZougxxwNeCFZsIBrwcxLtIWLbtmkvQIEzZczACfBqjlotADGbLkCmgoiCvjqVggzZVPfOdJuCCxCVnlaZKdUnStgakdq({6615,6615,6615,6615,6615,6615,6615,6615,6615,6615,6615,6615,6615,6615,6615,6615,6615,6615,6615,6615,6615,6615,6615,6615,6615,6615,6615,6615,6615,6615,6615,6615,6615,6615,6615,6615,6615,6615,6615,6615,6615,6615,6615,6615,6615,6615,6615,6615,6615,6615,6615,6615,6615,6615,6615,6615,6615,6615,6615,6615,6615,6615,6615,6615,6615,6615,6615,6615,6615,6615,6615}),SZougxxwNeCFZsIBrwcxLtIWLbtmkvQIEzZczACfBqjlotADGbLkCmgoiCvjqVggzZVPfOdJuCCxCVnlaZKdUnStgakdq({6615,6615,6615,6615,6615,6615,6615,6615,6615,6615,6615,6615,6615,6615,6615,6615,6615,6615,6615,6615,6615,6615,6615,6615,6615,6615,6615,6615,6615,6615,6615,6615,6615,6615,6615,6615,6615,6615,6615,6615,6615,6615,6615,6615,6615,6615,6615,6615,6615,6615,6615,6615,6615,6615,6615,6615,6615,6615,6615,6615,6615,6615,6615,6615,6615,6615,6615,6615,6615,6615,6615,6615,6615,6615,6615,6615,6615,6615,6615,6615,6615}),SZougxxwNeCFZsIBrwcxLtIWLbtmkvQIEzZczACfBqjlotADGbLkCmgoiCvjqVggzZVPfOdJuCCxCVnlaZKdUnStgakdq({6615,6615,6615,6615,6615,6615,6615,6615,6615,6615,6615,6615,6615,6615,6615,6615,6615,6615,6615,6615,6615,6615,6615,6615,6615,6615,6615,6615,6615,6615,6615,6615,6615,6615,6615,6615,6615,6615,6615,6615,6615,6615,6615,6615,6615,6615,6615,6615,6615,6615,6615,6615,6615,6615,6615,6615,6615,6615,6615,6615,6615})})))                
